Global parameters:
{'SimulationTime': 500.0, 'SimulationStepTime': 50.0, 'Conductivity': 25.0, 'Alfa': 300.0, 'Tot': 1200.0, 'InitialTemp': 100.0, 'Density': 7800.0, 'SpecificHeat': 700.0, 'Nodes number': 16.0, 'Elements number': 9.0}

Nodes:
Node ID: 1, X: 0.100000001, Y: 0.00499999989
Node ID: 2, X: 0.0666666701, Y: 0.00499999989
Node ID: 3, X: 0.0333333351, Y: 0.00499999989
Node ID: 4, X: 0.0, Y: 0.00499999989
Node ID: 5, X: 0.100000001, Y: -0.0283333343
Node ID: 6, X: 0.0666666701, Y: -0.0283333343
Node ID: 7, X: 0.0333333351, Y: -0.0283333343
Node ID: 8, X: 0.0, Y: -0.0283333343
Node ID: 9, X: 0.100000001, Y: -0.0616666675
Node ID: 10, X: 0.0666666701, Y: -0.0616666675
Node ID: 11, X: 0.0333333351, Y: -0.0616666675
Node ID: 12, X: 0.0, Y: -0.0616666675
Node ID: 13, X: 0.100000001, Y: -0.0949999988
Node ID: 14, X: 0.0666666701, Y: -0.0949999988
Node ID: 15, X: 0.0333333351, Y: -0.0949999988
Node ID: 16, X: 0.0, Y: -0.0949999988

Elements:
Element ID: 1, Node IDs: [1, 2, 6, 5]
Element ID: 2, Node IDs: [2, 3, 7, 6]
Element ID: 3, Node IDs: [3, 4, 8, 7]
Element ID: 4, Node IDs: [5, 6, 10, 9]
Element ID: 5, Node IDs: [6, 7, 11, 10]
Element ID: 6, Node IDs: [7, 8, 12, 11]
Element ID: 7, Node IDs: [9, 10, 14, 13]
Element ID: 8, Node IDs: [10, 11, 15, 14]
Element ID: 9, Node IDs: [11, 12, 16, 15]

Boundary conditions:
[1, 2, 3, 4, 5, 8, 9, 12, 13, 14, 15, 16]
________________________________________________________
Element ID: 1
________________________________________________________

Local H matrix:
[[16.66666667 -4.1666679  -8.33333333 -4.16666543]
 [-4.1666679  16.66666667 -4.16666543 -8.33333333]
 [-8.33333333 -4.16666543 16.66666667 -4.1666679 ]
 [-4.16666543 -8.33333333 -4.1666679  16.66666667]]


Local C matrix:
[[674.07404219 337.0370211  168.51851055 337.0370211 ]
 [337.0370211  674.07404219 337.0370211  168.51851055]
 [168.51851055 337.0370211  674.07404219 337.0370211 ]
 [337.0370211  168.51851055 337.0370211  674.07404219]]


Local p vector:
[11999.9997162  5999.999562      0.         6000.0001542]


Local H matrix (after adding H_bc):
[[23.33333318 -2.50000136 -8.33333333 -2.49999872]
 [-2.50000136 19.99999976 -4.16666543 -8.33333333]
 [-8.33333333 -4.16666543 16.66666667 -4.1666679 ]
 [-2.49999872 -8.33333333 -4.1666679  20.00000009]]


Individual H matrices for each integration point:
[H]pc_1:
[[ 1.3097925  -0.606033   -0.09772665 -0.60603286]
 [-0.606033    0.65854212  0.04521752 -0.09772665]
 [-0.09772665  0.04521752  0.00729161  0.04521751]
 [-0.60603286 -0.09772665  0.04521751  0.65854199]]
[H]pc_2:
[[ 1.86421797 -0.54483617 -0.40509261 -0.91428919]
 [-0.54483617  0.6432783   0.30665048 -0.40509261]
 [-0.40509261  0.30665048  0.16124495 -0.06280281]
 [-0.91428919 -0.40509261 -0.06280281  1.38218462]]
[H]pc_3:
[[ 1.38218462 -0.06280281 -0.40509261 -0.91428919]
 [-0.06280281  0.16124495  0.30665048 -0.40509261]
 [-0.40509261  0.30665048  0.6432783  -0.54483617]
 [-0.91428919 -0.40509261 -0.54483617  1.86421797]]
[H]pc_4:
[[ 0.65854199  0.04521751 -0.09772665 -0.60603286]
 [ 0.04521751  0.00729161  0.04521752 -0.09772665]
 [-0.09772665  0.04521752  0.65854212 -0.606033  ]
 [-0.60603286 -0.09772665 -0.606033    1.3097925 ]]
[H]pc_5:
[[ 1.86421809 -0.91428949 -0.40509257 -0.54483603]
 [-0.91428949  1.38218483 -0.06280277 -0.40509257]
 [-0.40509257 -0.06280277  0.16124492  0.30665042]
 [-0.54483603 -0.40509257  0.30665042  0.64327818]]
[H]pc_6:
[[ 2.38635953 -0.60546919 -1.1754215  -0.60546884]
 [-0.60546919  1.48266174  0.29822895 -1.1754215 ]
 [-1.1754215   0.29822895  0.57896377  0.29822878]
 [-0.60546884 -1.1754215   0.29822878  1.48266156]]
[H]pc_7:
[[ 1.48266156  0.29822878 -1.1754215  -0.60546884]
 [ 0.29822878  0.57896377  0.29822895 -1.1754215 ]
 [-1.1754215   0.29822895  1.48266174 -0.60546919]
 [-0.60546884 -1.1754215  -0.60546919  2.38635953]]
[H]pc_8:
[[ 0.64327818  0.30665042 -0.40509257 -0.54483603]
 [ 0.30665042  0.16124492 -0.06280277 -0.40509257]
 [-0.40509257 -0.06280277  1.38218483 -0.91428949]
 [-0.54483603 -0.40509257 -0.91428949  1.86421809]]
[H]pc_9:
[[ 1.38218483 -0.91428949 -0.40509257 -0.06280277]
 [-0.91428949  1.86421809 -0.54483603 -0.40509257]
 [-0.40509257 -0.54483603  0.64327818  0.30665042]
 [-0.06280277 -0.40509257  0.30665042  0.16124492]]
[H]pc_10:
[[ 1.48266174 -0.60546919 -1.1754215   0.29822895]
 [-0.60546919  2.38635953 -0.60546884 -1.1754215 ]
 [-1.1754215  -0.60546884  1.48266156  0.29822878]
 [ 0.29822895 -1.1754215   0.29822878  0.57896377]]
[H]pc_11:
[[ 0.57896377  0.29822878 -1.1754215   0.29822895]
 [ 0.29822878  1.48266156 -0.60546884 -1.1754215 ]
 [-1.1754215  -0.60546884  2.38635953 -0.60546919]
 [ 0.29822895 -1.1754215  -0.60546919  1.48266174]]
[H]pc_12:
[[ 0.16124492  0.30665042 -0.40509257 -0.06280277]
 [ 0.30665042  0.64327818 -0.54483603 -0.40509257]
 [-0.40509257 -0.54483603  1.86421809 -0.91428949]
 [-0.06280277 -0.40509257 -0.91428949  1.38218483]]
[H]pc_13:
[[ 0.65854212 -0.606033   -0.09772665  0.04521752]
 [-0.606033    1.3097925  -0.60603286 -0.09772665]
 [-0.09772665 -0.60603286  0.65854199  0.04521751]
 [ 0.04521752 -0.09772665  0.04521751  0.00729161]]
[H]pc_14:
[[ 0.6432783  -0.54483617 -0.40509261  0.30665048]
 [-0.54483617  1.86421797 -0.91428919 -0.40509261]
 [-0.40509261 -0.91428919  1.38218462 -0.06280281]
 [ 0.30665048 -0.40509261 -0.06280281  0.16124495]]
[H]pc_15:
[[ 0.16124495 -0.06280281 -0.40509261  0.30665048]
 [-0.06280281  1.38218462 -0.91428919 -0.40509261]
 [-0.40509261 -0.91428919  1.86421797 -0.54483617]
 [ 0.30665048 -0.40509261 -0.54483617  0.6432783 ]]
[H]pc_16:
[[ 0.00729161  0.04521751 -0.09772665  0.04521752]
 [ 0.04521751  0.65854199 -0.60603286 -0.09772665]
 [-0.09772665 -0.60603286  1.3097925  -0.606033  ]
 [ 0.04521752 -0.09772665 -0.606033    0.65854212]]


Boundary condition matrix H_bc:
[[6.66666651 1.66666654 0.         1.66666671]
 [1.66666654 3.33333309 0.         0.        ]
 [0.         0.         0.         0.        ]
 [1.66666671 0.         0.         3.33333342]]


________________________________________________________
Element ID: 2
________________________________________________________

Local H matrix:
[[16.66666667 -4.16666636 -8.33333333 -4.16666697]
 [-4.16666636 16.66666667 -4.16666697 -8.33333333]
 [-8.33333333 -4.16666697 16.66666667 -4.16666636]
 [-4.16666697 -8.33333333 -4.16666636 16.66666667]]


Local C matrix:
[[674.0741251  337.03706255 168.51853128 337.03706255]
 [337.03706255 674.0741251  337.03706255 168.51853128]
 [168.51853128 337.03706255 674.0741251  337.03706255]
 [337.03706255 168.51853128 337.03706255 674.0741251 ]]


Local p vector:
[6000.0003 6000.0003    0.        0.    ]


Local H matrix (after adding H_bc):
[[20.00000017 -2.49999961 -8.33333333 -4.16666697]
 [-2.49999961 20.00000017 -4.16666697 -8.33333333]
 [-8.33333333 -4.16666697 16.66666667 -4.16666636]
 [-4.16666697 -8.33333333 -4.16666636 16.66666667]]


Individual H matrices for each integration point:
[H]pc_1:
[[ 1.3097925  -0.60603291 -0.09772665 -0.60603294]
 [-0.60603291  0.65854204  0.04521752 -0.09772665]
 [-0.09772665  0.04521752  0.00729161  0.04521752]
 [-0.60603294 -0.09772665  0.04521752  0.65854207]]
[H]pc_2:
[[ 1.86421805 -0.54483608 -0.40509259 -0.91428938]
 [-0.54483608  0.64327822  0.30665044 -0.40509259]
 [-0.40509259  0.30665044  0.16124493 -0.06280278]
 [-0.91428938 -0.40509259 -0.06280278  1.38218475]]
[H]pc_3:
[[ 1.38218475 -0.06280278 -0.40509259 -0.91428938]
 [-0.06280278  0.16124493  0.30665044 -0.40509259]
 [-0.40509259  0.30665044  0.64327822 -0.54483608]
 [-0.91428938 -0.40509259 -0.54483608  1.86421805]]
[H]pc_4:
[[ 0.65854207  0.04521752 -0.09772665 -0.60603294]
 [ 0.04521752  0.00729161  0.04521752 -0.09772665]
 [-0.09772665  0.04521752  0.65854204 -0.60603291]
 [-0.60603294 -0.09772665 -0.60603291  1.3097925 ]]
[H]pc_5:
[[ 1.86421802 -0.9142893  -0.4050926  -0.54483612]
 [-0.9142893   1.3821847  -0.0628028  -0.4050926 ]
 [-0.4050926  -0.0628028   0.16124493  0.30665046]
 [-0.54483612 -0.4050926   0.30665046  0.64327825]]
[H]pc_6:
[[ 2.38635953 -0.60546897 -1.1754215  -0.60546906]
 [-0.60546897  1.48266162  0.29822884 -1.1754215 ]
 [-1.1754215   0.29822884  0.57896377  0.29822889]
 [-0.60546906 -1.1754215   0.29822889  1.48266167]]
[H]pc_7:
[[ 1.48266167  0.29822889 -1.1754215  -0.60546906]
 [ 0.29822889  0.57896377  0.29822884 -1.1754215 ]
 [-1.1754215   0.29822884  1.48266162 -0.60546897]
 [-0.60546906 -1.1754215  -0.60546897  2.38635953]]
[H]pc_8:
[[ 0.64327825  0.30665046 -0.4050926  -0.54483612]
 [ 0.30665046  0.16124493 -0.0628028  -0.4050926 ]
 [-0.4050926  -0.0628028   1.3821847  -0.9142893 ]
 [-0.54483612 -0.4050926  -0.9142893   1.86421802]]
[H]pc_9:
[[ 1.3821847  -0.9142893  -0.4050926  -0.0628028 ]
 [-0.9142893   1.86421802 -0.54483612 -0.4050926 ]
 [-0.4050926  -0.54483612  0.64327825  0.30665046]
 [-0.0628028  -0.4050926   0.30665046  0.16124493]]
[H]pc_10:
[[ 1.48266162 -0.60546897 -1.1754215   0.29822884]
 [-0.60546897  2.38635953 -0.60546906 -1.1754215 ]
 [-1.1754215  -0.60546906  1.48266167  0.29822889]
 [ 0.29822884 -1.1754215   0.29822889  0.57896377]]
[H]pc_11:
[[ 0.57896377  0.29822889 -1.1754215   0.29822884]
 [ 0.29822889  1.48266167 -0.60546906 -1.1754215 ]
 [-1.1754215  -0.60546906  2.38635953 -0.60546897]
 [ 0.29822884 -1.1754215  -0.60546897  1.48266162]]
[H]pc_12:
[[ 0.16124493  0.30665046 -0.4050926  -0.0628028 ]
 [ 0.30665046  0.64327825 -0.54483612 -0.4050926 ]
 [-0.4050926  -0.54483612  1.86421802 -0.9142893 ]
 [-0.0628028  -0.4050926  -0.9142893   1.3821847 ]]
[H]pc_13:
[[ 0.65854204 -0.60603291 -0.09772665  0.04521752]
 [-0.60603291  1.3097925  -0.60603294 -0.09772665]
 [-0.09772665 -0.60603294  0.65854207  0.04521752]
 [ 0.04521752 -0.09772665  0.04521752  0.00729161]]
[H]pc_14:
[[ 0.64327822 -0.54483608 -0.40509259  0.30665044]
 [-0.54483608  1.86421805 -0.91428938 -0.40509259]
 [-0.40509259 -0.91428938  1.38218475 -0.06280278]
 [ 0.30665044 -0.40509259 -0.06280278  0.16124493]]
[H]pc_15:
[[ 0.16124493 -0.06280278 -0.40509259  0.30665044]
 [-0.06280278  1.38218475 -0.91428938 -0.40509259]
 [-0.40509259 -0.91428938  1.86421805 -0.54483608]
 [ 0.30665044 -0.40509259 -0.54483608  0.64327822]]
[H]pc_16:
[[ 0.00729161  0.04521752 -0.09772665  0.04521752]
 [ 0.04521752  0.65854207 -0.60603294 -0.09772665]
 [-0.09772665 -0.60603294  1.3097925  -0.60603291]
 [ 0.04521752 -0.09772665 -0.60603291  0.65854204]]


Boundary condition matrix H_bc:
[[3.3333335  1.66666675 0.         0.        ]
 [1.66666675 3.3333335  0.         0.        ]
 [0.         0.         0.         0.        ]
 [0.         0.         0.         0.        ]]


________________________________________________________
Element ID: 3
________________________________________________________

Local H matrix:
[[16.66666667 -4.16666633 -8.33333333 -4.16666701]
 [-4.16666633 16.66666667 -4.16666701 -8.33333333]
 [-8.33333333 -4.16666701 16.66666667 -4.16666633]
 [-4.16666701 -8.33333333 -4.16666633 16.66666667]]


Local C matrix:
[[674.07412712 337.03706356 168.51853178 337.03706356]
 [337.03706356 674.07412712 337.03706356 168.51853178]
 [168.51853178 337.03706356 674.07412712 337.03706356]
 [337.03706356 168.51853178 337.03706356 674.07412712]]


Local p vector:
[ 6000.000318  12000.0004722  6000.0001542     0.       ]


Local H matrix (after adding H_bc):
[[20.00000018 -2.49999957 -8.33333333 -4.16666701]
 [-2.49999957 23.3333336  -2.5000003  -8.33333333]
 [-8.33333333 -2.5000003  20.00000009 -4.16666633]
 [-4.16666701 -8.33333333 -4.16666633 16.66666667]]


Individual H matrices for each integration point:
[H]pc_1:
[[ 1.3097925  -0.60603291 -0.09772665 -0.60603295]
 [-0.60603291  0.65854204  0.04521752 -0.09772665]
 [-0.09772665  0.04521752  0.00729161  0.04521752]
 [-0.60603295 -0.09772665  0.04521752  0.65854208]]
[H]pc_2:
[[ 1.86421805 -0.54483608 -0.40509259 -0.91428938]
 [-0.54483608  0.64327822  0.30665044 -0.40509259]
 [-0.40509259  0.30665044  0.16124493 -0.06280278]
 [-0.91428938 -0.40509259 -0.06280278  1.38218475]]
[H]pc_3:
[[ 1.38218475 -0.06280278 -0.40509259 -0.91428938]
 [-0.06280278  0.16124493  0.30665044 -0.40509259]
 [-0.40509259  0.30665044  0.64327822 -0.54483608]
 [-0.91428938 -0.40509259 -0.54483608  1.86421805]]
[H]pc_4:
[[ 0.65854208  0.04521752 -0.09772665 -0.60603295]
 [ 0.04521752  0.00729161  0.04521752 -0.09772665]
 [-0.09772665  0.04521752  0.65854204 -0.60603291]
 [-0.60603295 -0.09772665 -0.60603291  1.3097925 ]]
[H]pc_5:
[[ 1.86421802 -0.9142893  -0.4050926  -0.54483612]
 [-0.9142893   1.38218469 -0.0628028  -0.4050926 ]
 [-0.4050926  -0.0628028   0.16124493  0.30665046]
 [-0.54483612 -0.4050926   0.30665046  0.64327826]]
[H]pc_6:
[[ 2.38635953 -0.60546897 -1.1754215  -0.60546906]
 [-0.60546897  1.48266162  0.29822884 -1.1754215 ]
 [-1.1754215   0.29822884  0.57896377  0.29822889]
 [-0.60546906 -1.1754215   0.29822889  1.48266167]]
[H]pc_7:
[[ 1.48266167  0.29822889 -1.1754215  -0.60546906]
 [ 0.29822889  0.57896377  0.29822884 -1.1754215 ]
 [-1.1754215   0.29822884  1.48266162 -0.60546897]
 [-0.60546906 -1.1754215  -0.60546897  2.38635953]]
[H]pc_8:
[[ 0.64327826  0.30665046 -0.4050926  -0.54483612]
 [ 0.30665046  0.16124493 -0.0628028  -0.4050926 ]
 [-0.4050926  -0.0628028   1.38218469 -0.9142893 ]
 [-0.54483612 -0.4050926  -0.9142893   1.86421802]]
[H]pc_9:
[[ 1.38218469 -0.9142893  -0.4050926  -0.0628028 ]
 [-0.9142893   1.86421802 -0.54483612 -0.4050926 ]
 [-0.4050926  -0.54483612  0.64327826  0.30665046]
 [-0.0628028  -0.4050926   0.30665046  0.16124493]]
[H]pc_10:
[[ 1.48266162 -0.60546897 -1.1754215   0.29822884]
 [-0.60546897  2.38635953 -0.60546906 -1.1754215 ]
 [-1.1754215  -0.60546906  1.48266167  0.29822889]
 [ 0.29822884 -1.1754215   0.29822889  0.57896377]]
[H]pc_11:
[[ 0.57896377  0.29822889 -1.1754215   0.29822884]
 [ 0.29822889  1.48266167 -0.60546906 -1.1754215 ]
 [-1.1754215  -0.60546906  2.38635953 -0.60546897]
 [ 0.29822884 -1.1754215  -0.60546897  1.48266162]]
[H]pc_12:
[[ 0.16124493  0.30665046 -0.4050926  -0.0628028 ]
 [ 0.30665046  0.64327826 -0.54483612 -0.4050926 ]
 [-0.4050926  -0.54483612  1.86421802 -0.9142893 ]
 [-0.0628028  -0.4050926  -0.9142893   1.38218469]]
[H]pc_13:
[[ 0.65854204 -0.60603291 -0.09772665  0.04521752]
 [-0.60603291  1.3097925  -0.60603295 -0.09772665]
 [-0.09772665 -0.60603295  0.65854208  0.04521752]
 [ 0.04521752 -0.09772665  0.04521752  0.00729161]]
[H]pc_14:
[[ 0.64327822 -0.54483608 -0.40509259  0.30665044]
 [-0.54483608  1.86421805 -0.91428938 -0.40509259]
 [-0.40509259 -0.91428938  1.38218475 -0.06280278]
 [ 0.30665044 -0.40509259 -0.06280278  0.16124493]]
[H]pc_15:
[[ 0.16124493 -0.06280278 -0.40509259  0.30665044]
 [-0.06280278  1.38218475 -0.91428938 -0.40509259]
 [-0.40509259 -0.91428938  1.86421805 -0.54483608]
 [ 0.30665044 -0.40509259 -0.54483608  0.64327822]]
[H]pc_16:
[[ 0.00729161  0.04521752 -0.09772665  0.04521752]
 [ 0.04521752  0.65854208 -0.60603295 -0.09772665]
 [-0.09772665 -0.60603295  1.3097925  -0.60603291]
 [ 0.04521752 -0.09772665 -0.60603291  0.65854204]]


Boundary condition matrix H_bc:
[[3.33333351 1.66666675 0.         0.        ]
 [1.66666675 6.66666693 1.66666671 0.        ]
 [0.         1.66666671 3.33333342 0.        ]
 [0.         0.         0.         0.        ]]


________________________________________________________
Element ID: 4
________________________________________________________

Local H matrix:
[[16.66666667 -4.16666753 -8.33333333 -4.1666658 ]
 [-4.16666753 16.66666667 -4.1666658  -8.33333333]
 [-8.33333333 -4.1666658  16.66666667 -4.16666753]
 [-4.1666658  -8.33333333 -4.16666753 16.66666667]]


Local C matrix:
[[674.07402217 337.03701109 168.51850554 337.03701109]
 [337.03701109 674.07402217 337.03701109 168.51850554]
 [168.51850554 337.03701109 674.07402217 337.03701109]
 [337.03701109 168.51850554 337.03701109 674.07402217]]


Local p vector:
[5999.999976    0.          0.       5999.999976]


Local H matrix (after adding H_bc):
[[19.99999999 -4.16666753 -8.33333333 -2.49999914]
 [-4.16666753 16.66666667 -4.1666658  -8.33333333]
 [-8.33333333 -4.1666658  16.66666667 -4.16666753]
 [-2.49999914 -8.33333333 -4.16666753 19.99999999]]


Individual H matrices for each integration point:
[H]pc_1:
[[ 1.3097925  -0.60603297 -0.09772665 -0.60603288]
 [-0.60603297  0.6585421   0.04521752 -0.09772665]
 [-0.09772665  0.04521752  0.00729161  0.04521752]
 [-0.60603288 -0.09772665  0.04521752  0.65854201]]
[H]pc_2:
[[ 1.86421799 -0.54483615 -0.40509261 -0.91428923]
 [-0.54483615  0.64327828  0.30665047 -0.40509261]
 [-0.40509261  0.30665047  0.16124494 -0.06280281]
 [-0.91428923 -0.40509261 -0.06280281  1.38218465]]
[H]pc_3:
[[ 1.38218465 -0.06280281 -0.40509261 -0.91428923]
 [-0.06280281  0.16124494  0.30665047 -0.40509261]
 [-0.40509261  0.30665047  0.64327828 -0.54483615]
 [-0.91428923 -0.40509261 -0.54483615  1.86421799]]
[H]pc_4:
[[ 0.65854201  0.04521752 -0.09772665 -0.60603288]
 [ 0.04521752  0.00729161  0.04521752 -0.09772665]
 [-0.09772665  0.04521752  0.6585421  -0.60603297]
 [-0.60603288 -0.09772665 -0.60603297  1.3097925 ]]
[H]pc_5:
[[ 1.86421807 -0.91428945 -0.40509258 -0.54483605]
 [-0.91428945  1.3821848  -0.06280277 -0.40509258]
 [-0.40509258 -0.06280277  0.16124492  0.30665043]
 [-0.54483605 -0.40509258  0.30665043  0.6432782 ]]
[H]pc_6:
[[ 2.38635953 -0.60546914 -1.1754215  -0.60546889]
 [-0.60546914  1.48266171  0.29822893 -1.1754215 ]
 [-1.1754215   0.29822893  0.57896377  0.29822881]
 [-0.60546889 -1.1754215   0.29822881  1.48266158]]
[H]pc_7:
[[ 1.48266158  0.29822881 -1.1754215  -0.60546889]
 [ 0.29822881  0.57896377  0.29822893 -1.1754215 ]
 [-1.1754215   0.29822893  1.48266171 -0.60546914]
 [-0.60546889 -1.1754215  -0.60546914  2.38635953]]
[H]pc_8:
[[ 0.6432782   0.30665043 -0.40509258 -0.54483605]
 [ 0.30665043  0.16124492 -0.06280277 -0.40509258]
 [-0.40509258 -0.06280277  1.3821848  -0.91428945]
 [-0.54483605 -0.40509258 -0.91428945  1.86421807]]
[H]pc_9:
[[ 1.3821848  -0.91428945 -0.40509258 -0.06280277]
 [-0.91428945  1.86421807 -0.54483605 -0.40509258]
 [-0.40509258 -0.54483605  0.6432782   0.30665043]
 [-0.06280277 -0.40509258  0.30665043  0.16124492]]
[H]pc_10:
[[ 1.48266171 -0.60546914 -1.1754215   0.29822893]
 [-0.60546914  2.38635953 -0.60546889 -1.1754215 ]
 [-1.1754215  -0.60546889  1.48266158  0.29822881]
 [ 0.29822893 -1.1754215   0.29822881  0.57896377]]
[H]pc_11:
[[ 0.57896377  0.29822881 -1.1754215   0.29822893]
 [ 0.29822881  1.48266158 -0.60546889 -1.1754215 ]
 [-1.1754215  -0.60546889  2.38635953 -0.60546914]
 [ 0.29822893 -1.1754215  -0.60546914  1.48266171]]
[H]pc_12:
[[ 0.16124492  0.30665043 -0.40509258 -0.06280277]
 [ 0.30665043  0.6432782  -0.54483605 -0.40509258]
 [-0.40509258 -0.54483605  1.86421807 -0.91428945]
 [-0.06280277 -0.40509258 -0.91428945  1.3821848 ]]
[H]pc_13:
[[ 0.6585421  -0.60603297 -0.09772665  0.04521752]
 [-0.60603297  1.3097925  -0.60603288 -0.09772665]
 [-0.09772665 -0.60603288  0.65854201  0.04521752]
 [ 0.04521752 -0.09772665  0.04521752  0.00729161]]
[H]pc_14:
[[ 0.64327828 -0.54483615 -0.40509261  0.30665047]
 [-0.54483615  1.86421799 -0.91428923 -0.40509261]
 [-0.40509261 -0.91428923  1.38218465 -0.06280281]
 [ 0.30665047 -0.40509261 -0.06280281  0.16124494]]
[H]pc_15:
[[ 0.16124494 -0.06280281 -0.40509261  0.30665047]
 [-0.06280281  1.38218465 -0.91428923 -0.40509261]
 [-0.40509261 -0.91428923  1.86421799 -0.54483615]
 [ 0.30665047 -0.40509261 -0.54483615  0.64327828]]
[H]pc_16:
[[ 0.00729161  0.04521752 -0.09772665  0.04521752]
 [ 0.04521752  0.65854201 -0.60603288 -0.09772665]
 [-0.09772665 -0.60603288  1.3097925  -0.60603297]
 [ 0.04521752 -0.09772665 -0.60603297  0.6585421 ]]


Boundary condition matrix H_bc:
[[3.33333332 0.         0.         1.66666666]
 [0.         0.         0.         0.        ]
 [0.         0.         0.         0.        ]
 [1.66666666 0.         0.         3.33333332]]


________________________________________________________
Element ID: 5
________________________________________________________

Local H matrix:
[[16.66666667 -4.16666599 -8.33333333 -4.16666734]
 [-4.16666599 16.66666667 -4.16666734 -8.33333333]
 [-8.33333333 -4.16666734 16.66666667 -4.16666599]
 [-4.16666734 -8.33333333 -4.16666599 16.66666667]]


Local C matrix:
[[674.07410508 337.03705254 168.51852627 337.03705254]
 [337.03705254 674.07410508 337.03705254 168.51852627]
 [168.51852627 337.03705254 674.07410508 337.03705254]
 [337.03705254 168.51852627 337.03705254 674.07410508]]


Local p vector:
[0. 0. 0. 0.]


Local H matrix (after adding H_bc):
[[16.66666667 -4.16666599 -8.33333333 -4.16666734]
 [-4.16666599 16.66666667 -4.16666734 -8.33333333]
 [-8.33333333 -4.16666734 16.66666667 -4.16666599]
 [-4.16666734 -8.33333333 -4.16666599 16.66666667]]


Individual H matrices for each integration point:
[H]pc_1:
[[ 1.3097925  -0.60603289 -0.09772665 -0.60603296]
 [-0.60603289  0.65854202  0.04521752 -0.09772665]
 [-0.09772665  0.04521752  0.00729161  0.04521752]
 [-0.60603296 -0.09772665  0.04521752  0.65854209]]
[H]pc_2:
[[ 1.86421806 -0.54483606 -0.40509258 -0.91428942]
 [-0.54483606  0.6432782   0.30665044 -0.40509258]
 [-0.40509258  0.30665044  0.16124492 -0.06280278]
 [-0.91428942 -0.40509258 -0.06280278  1.38218478]]
[H]pc_3:
[[ 1.38218478 -0.06280278 -0.40509258 -0.91428942]
 [-0.06280278  0.16124492  0.30665044 -0.40509258]
 [-0.40509258  0.30665044  0.6432782  -0.54483606]
 [-0.91428942 -0.40509258 -0.54483606  1.86421806]]
[H]pc_4:
[[ 0.65854209  0.04521752 -0.09772665 -0.60603296]
 [ 0.04521752  0.00729161  0.04521752 -0.09772665]
 [-0.09772665  0.04521752  0.65854202 -0.60603289]
 [-0.60603296 -0.09772665 -0.60603289  1.3097925 ]]
[H]pc_5:
[[ 1.864218   -0.91428926 -0.4050926  -0.54483614]
 [-0.91428926  1.38218467 -0.0628028  -0.4050926 ]
 [-0.4050926  -0.0628028   0.16124494  0.30665047]
 [-0.54483614 -0.4050926   0.30665047  0.64327827]]
[H]pc_6:
[[ 2.38635953 -0.60546892 -1.1754215  -0.60546911]
 [-0.60546892  1.4826616   0.29822882 -1.1754215 ]
 [-1.1754215   0.29822882  0.57896377  0.29822891]
 [-0.60546911 -1.1754215   0.29822891  1.4826617 ]]
[H]pc_7:
[[ 1.4826617   0.29822891 -1.1754215  -0.60546911]
 [ 0.29822891  0.57896377  0.29822882 -1.1754215 ]
 [-1.1754215   0.29822882  1.4826616  -0.60546892]
 [-0.60546911 -1.1754215  -0.60546892  2.38635953]]
[H]pc_8:
[[ 0.64327827  0.30665047 -0.4050926  -0.54483614]
 [ 0.30665047  0.16124494 -0.0628028  -0.4050926 ]
 [-0.4050926  -0.0628028   1.38218467 -0.91428926]
 [-0.54483614 -0.4050926  -0.91428926  1.864218  ]]
[H]pc_9:
[[ 1.38218467 -0.91428926 -0.4050926  -0.0628028 ]
 [-0.91428926  1.864218   -0.54483614 -0.4050926 ]
 [-0.4050926  -0.54483614  0.64327827  0.30665047]
 [-0.0628028  -0.4050926   0.30665047  0.16124494]]
[H]pc_10:
[[ 1.4826616  -0.60546892 -1.1754215   0.29822882]
 [-0.60546892  2.38635953 -0.60546911 -1.1754215 ]
 [-1.1754215  -0.60546911  1.4826617   0.29822891]
 [ 0.29822882 -1.1754215   0.29822891  0.57896377]]
[H]pc_11:
[[ 0.57896377  0.29822891 -1.1754215   0.29822882]
 [ 0.29822891  1.4826617  -0.60546911 -1.1754215 ]
 [-1.1754215  -0.60546911  2.38635953 -0.60546892]
 [ 0.29822882 -1.1754215  -0.60546892  1.4826616 ]]
[H]pc_12:
[[ 0.16124494  0.30665047 -0.4050926  -0.0628028 ]
 [ 0.30665047  0.64327827 -0.54483614 -0.4050926 ]
 [-0.4050926  -0.54483614  1.864218   -0.91428926]
 [-0.0628028  -0.4050926  -0.91428926  1.38218467]]
[H]pc_13:
[[ 0.65854202 -0.60603289 -0.09772665  0.04521752]
 [-0.60603289  1.3097925  -0.60603296 -0.09772665]
 [-0.09772665 -0.60603296  0.65854209  0.04521752]
 [ 0.04521752 -0.09772665  0.04521752  0.00729161]]
[H]pc_14:
[[ 0.6432782  -0.54483606 -0.40509258  0.30665044]
 [-0.54483606  1.86421806 -0.91428942 -0.40509258]
 [-0.40509258 -0.91428942  1.38218478 -0.06280278]
 [ 0.30665044 -0.40509258 -0.06280278  0.16124492]]
[H]pc_15:
[[ 0.16124492 -0.06280278 -0.40509258  0.30665044]
 [-0.06280278  1.38218478 -0.91428942 -0.40509258]
 [-0.40509258 -0.91428942  1.86421806 -0.54483606]
 [ 0.30665044 -0.40509258 -0.54483606  0.6432782 ]]
[H]pc_16:
[[ 0.00729161  0.04521752 -0.09772665  0.04521752]
 [ 0.04521752  0.65854209 -0.60603296 -0.09772665]
 [-0.09772665 -0.60603296  1.3097925  -0.60603289]
 [ 0.04521752 -0.09772665 -0.60603289  0.65854202]]


Boundary condition matrix H_bc:
[[0. 0. 0. 0.]
 [0. 0. 0. 0.]
 [0. 0. 0. 0.]
 [0. 0. 0. 0.]]


________________________________________________________
Element ID: 6
________________________________________________________

Local H matrix:
[[16.66666667 -4.16666595 -8.33333333 -4.16666738]
 [-4.16666595 16.66666667 -4.16666738 -8.33333333]
 [-8.33333333 -4.16666738 16.66666667 -4.16666595]
 [-4.16666738 -8.33333333 -4.16666595 16.66666667]]


Local C matrix:
[[674.0741071  337.03705355 168.51852678 337.03705355]
 [337.03705355 674.0741071  337.03705355 168.51852678]
 [168.51852678 337.03705355 674.0741071  337.03705355]
 [337.03705355 168.51852678 337.03705355 674.0741071 ]]


Local p vector:
[   0.       5999.999976 5999.999976    0.      ]


Local H matrix (after adding H_bc):
[[16.66666667 -4.16666595 -8.33333333 -4.16666738]
 [-4.16666595 19.99999999 -2.50000072 -8.33333333]
 [-8.33333333 -2.50000072 19.99999999 -4.16666595]
 [-4.16666738 -8.33333333 -4.16666595 16.66666667]]


Individual H matrices for each integration point:
[H]pc_1:
[[ 1.3097925  -0.60603289 -0.09772665 -0.60603297]
 [-0.60603289  0.65854202  0.04521752 -0.09772665]
 [-0.09772665  0.04521752  0.00729161  0.04521752]
 [-0.60603297 -0.09772665  0.04521752  0.65854209]]
[H]pc_2:
[[ 1.86421807 -0.54483606 -0.40509258 -0.91428943]
 [-0.54483606  0.6432782   0.30665043 -0.40509258]
 [-0.40509258  0.30665043  0.16124492 -0.06280278]
 [-0.91428943 -0.40509258 -0.06280278  1.38218479]]
[H]pc_3:
[[ 1.38218479 -0.06280278 -0.40509258 -0.91428943]
 [-0.06280278  0.16124492  0.30665043 -0.40509258]
 [-0.40509258  0.30665043  0.6432782  -0.54483606]
 [-0.91428943 -0.40509258 -0.54483606  1.86421807]]
[H]pc_4:
[[ 0.65854209  0.04521752 -0.09772665 -0.60603297]
 [ 0.04521752  0.00729161  0.04521752 -0.09772665]
 [-0.09772665  0.04521752  0.65854202 -0.60603289]
 [-0.60603297 -0.09772665 -0.60603289  1.3097925 ]]
[H]pc_5:
[[ 1.864218   -0.91428925 -0.40509261 -0.54483614]
 [-0.91428925  1.38218466 -0.0628028  -0.40509261]
 [-0.40509261 -0.0628028   0.16124494  0.30665047]
 [-0.54483614 -0.40509261  0.30665047  0.64327827]]
[H]pc_6:
[[ 2.38635953 -0.60546891 -1.1754215  -0.60546912]
 [-0.60546891  1.48266159  0.29822882 -1.1754215 ]
 [-1.1754215   0.29822882  0.57896377  0.29822892]
 [-0.60546912 -1.1754215   0.29822892  1.4826617 ]]
[H]pc_7:
[[ 1.4826617   0.29822892 -1.1754215  -0.60546912]
 [ 0.29822892  0.57896377  0.29822882 -1.1754215 ]
 [-1.1754215   0.29822882  1.48266159 -0.60546891]
 [-0.60546912 -1.1754215  -0.60546891  2.38635953]]
[H]pc_8:
[[ 0.64327827  0.30665047 -0.40509261 -0.54483614]
 [ 0.30665047  0.16124494 -0.0628028  -0.40509261]
 [-0.40509261 -0.0628028   1.38218466 -0.91428925]
 [-0.54483614 -0.40509261 -0.91428925  1.864218  ]]
[H]pc_9:
[[ 1.38218466 -0.91428925 -0.40509261 -0.0628028 ]
 [-0.91428925  1.864218   -0.54483614 -0.40509261]
 [-0.40509261 -0.54483614  0.64327827  0.30665047]
 [-0.0628028  -0.40509261  0.30665047  0.16124494]]
[H]pc_10:
[[ 1.48266159 -0.60546891 -1.1754215   0.29822882]
 [-0.60546891  2.38635953 -0.60546912 -1.1754215 ]
 [-1.1754215  -0.60546912  1.4826617   0.29822892]
 [ 0.29822882 -1.1754215   0.29822892  0.57896377]]
[H]pc_11:
[[ 0.57896377  0.29822892 -1.1754215   0.29822882]
 [ 0.29822892  1.4826617  -0.60546912 -1.1754215 ]
 [-1.1754215  -0.60546912  2.38635953 -0.60546891]
 [ 0.29822882 -1.1754215  -0.60546891  1.48266159]]
[H]pc_12:
[[ 0.16124494  0.30665047 -0.40509261 -0.0628028 ]
 [ 0.30665047  0.64327827 -0.54483614 -0.40509261]
 [-0.40509261 -0.54483614  1.864218   -0.91428925]
 [-0.0628028  -0.40509261 -0.91428925  1.38218466]]
[H]pc_13:
[[ 0.65854202 -0.60603289 -0.09772665  0.04521752]
 [-0.60603289  1.3097925  -0.60603297 -0.09772665]
 [-0.09772665 -0.60603297  0.65854209  0.04521752]
 [ 0.04521752 -0.09772665  0.04521752  0.00729161]]
[H]pc_14:
[[ 0.6432782  -0.54483606 -0.40509258  0.30665043]
 [-0.54483606  1.86421807 -0.91428943 -0.40509258]
 [-0.40509258 -0.91428943  1.38218479 -0.06280278]
 [ 0.30665043 -0.40509258 -0.06280278  0.16124492]]
[H]pc_15:
[[ 0.16124492 -0.06280278 -0.40509258  0.30665043]
 [-0.06280278  1.38218479 -0.91428943 -0.40509258]
 [-0.40509258 -0.91428943  1.86421807 -0.54483606]
 [ 0.30665043 -0.40509258 -0.54483606  0.6432782 ]]
[H]pc_16:
[[ 0.00729161  0.04521752 -0.09772665  0.04521752]
 [ 0.04521752  0.65854209 -0.60603297 -0.09772665]
 [-0.09772665 -0.60603297  1.3097925  -0.60603289]
 [ 0.04521752 -0.09772665 -0.60603289  0.65854202]]


Boundary condition matrix H_bc:
[[0.         0.         0.         0.        ]
 [0.         3.33333332 1.66666666 0.        ]
 [0.         1.66666666 3.33333332 0.        ]
 [0.         0.         0.         0.        ]]


________________________________________________________
Element ID: 7
________________________________________________________

Local H matrix:
[[16.66666667 -4.16666682 -8.33333333 -4.16666652]
 [-4.16666682 16.66666667 -4.16666652 -8.33333333]
 [-8.33333333 -4.16666652 16.66666667 -4.16666682]
 [-4.16666652 -8.33333333 -4.16666682 16.66666667]]


Local C matrix:
[[674.07398375 337.03699187 168.51849594 337.03699187]
 [337.03699187 674.07398375 337.03699187 168.51849594]
 [168.51849594 337.03699187 674.07398375 337.03699187]
 [337.03699187 168.51849594 337.03699187 674.07398375]]


Local p vector:
[ 5999.999634     0.        5999.999562 11999.999196]


Local H matrix (after adding H_bc):
[[19.9999998  -4.16666682 -8.33333333 -2.49999995]
 [-4.16666682 16.66666667 -4.16666652 -8.33333333]
 [-8.33333333 -4.16666652 19.99999976 -2.50000027]
 [-2.49999995 -8.33333333 -2.50000027 23.33333289]]


Individual H matrices for each integration point:
[H]pc_1:
[[ 1.3097925  -0.60603293 -0.09772665 -0.60603292]
 [-0.60603293  0.65854207  0.04521752 -0.09772665]
 [-0.09772665  0.04521752  0.00729161  0.04521752]
 [-0.60603292 -0.09772665  0.04521752  0.65854205]]
[H]pc_2:
[[ 1.86421803 -0.54483611 -0.4050926  -0.91428932]
 [-0.54483611  0.64327825  0.30665046 -0.4050926 ]
 [-0.4050926   0.30665046  0.16124493 -0.06280279]
 [-0.91428932 -0.4050926  -0.06280279  1.38218471]]
[H]pc_3:
[[ 1.38218471 -0.06280279 -0.4050926  -0.91428932]
 [-0.06280279  0.16124493  0.30665046 -0.4050926 ]
 [-0.4050926   0.30665046  0.64327825 -0.54483611]
 [-0.91428932 -0.4050926  -0.54483611  1.86421803]]
[H]pc_4:
[[ 0.65854205  0.04521752 -0.09772665 -0.60603292]
 [ 0.04521752  0.00729161  0.04521752 -0.09772665]
 [-0.09772665  0.04521752  0.65854207 -0.60603293]
 [-0.60603292 -0.09772665 -0.60603293  1.3097925 ]]
[H]pc_5:
[[ 1.86421804 -0.91428936 -0.40509259 -0.54483609]
 [-0.91428936  1.38218474 -0.06280279 -0.40509259]
 [-0.40509259 -0.06280279  0.16124493  0.30665045]
 [-0.54483609 -0.40509259  0.30665045  0.64327823]]
[H]pc_6:
[[ 2.38635953 -0.60546904 -1.1754215  -0.60546899]
 [-0.60546904  1.48266166  0.29822888 -1.1754215 ]
 [-1.1754215   0.29822888  0.57896377  0.29822886]
 [-0.60546899 -1.1754215   0.29822886  1.48266164]]
[H]pc_7:
[[ 1.48266164  0.29822886 -1.1754215  -0.60546899]
 [ 0.29822886  0.57896377  0.29822888 -1.1754215 ]
 [-1.1754215   0.29822888  1.48266166 -0.60546904]
 [-0.60546899 -1.1754215  -0.60546904  2.38635953]]
[H]pc_8:
[[ 0.64327823  0.30665045 -0.40509259 -0.54483609]
 [ 0.30665045  0.16124493 -0.06280279 -0.40509259]
 [-0.40509259 -0.06280279  1.38218474 -0.91428936]
 [-0.54483609 -0.40509259 -0.91428936  1.86421804]]
[H]pc_9:
[[ 1.38218474 -0.91428936 -0.40509259 -0.06280279]
 [-0.91428936  1.86421804 -0.54483609 -0.40509259]
 [-0.40509259 -0.54483609  0.64327823  0.30665045]
 [-0.06280279 -0.40509259  0.30665045  0.16124493]]
[H]pc_10:
[[ 1.48266166 -0.60546904 -1.1754215   0.29822888]
 [-0.60546904  2.38635953 -0.60546899 -1.1754215 ]
 [-1.1754215  -0.60546899  1.48266164  0.29822886]
 [ 0.29822888 -1.1754215   0.29822886  0.57896377]]
[H]pc_11:
[[ 0.57896377  0.29822886 -1.1754215   0.29822888]
 [ 0.29822886  1.48266164 -0.60546899 -1.1754215 ]
 [-1.1754215  -0.60546899  2.38635953 -0.60546904]
 [ 0.29822888 -1.1754215  -0.60546904  1.48266166]]
[H]pc_12:
[[ 0.16124493  0.30665045 -0.40509259 -0.06280279]
 [ 0.30665045  0.64327823 -0.54483609 -0.40509259]
 [-0.40509259 -0.54483609  1.86421804 -0.91428936]
 [-0.06280279 -0.40509259 -0.91428936  1.38218474]]
[H]pc_13:
[[ 0.65854207 -0.60603293 -0.09772665  0.04521752]
 [-0.60603293  1.3097925  -0.60603292 -0.09772665]
 [-0.09772665 -0.60603292  0.65854205  0.04521752]
 [ 0.04521752 -0.09772665  0.04521752  0.00729161]]
[H]pc_14:
[[ 0.64327825 -0.54483611 -0.4050926   0.30665046]
 [-0.54483611  1.86421803 -0.91428932 -0.4050926 ]
 [-0.4050926  -0.91428932  1.38218471 -0.06280279]
 [ 0.30665046 -0.4050926  -0.06280279  0.16124493]]
[H]pc_15:
[[ 0.16124493 -0.06280279 -0.4050926   0.30665046]
 [-0.06280279  1.38218471 -0.91428932 -0.4050926 ]
 [-0.4050926  -0.91428932  1.86421803 -0.54483611]
 [ 0.30665046 -0.4050926  -0.54483611  0.64327825]]
[H]pc_16:
[[ 0.00729161  0.04521752 -0.09772665  0.04521752]
 [ 0.04521752  0.65854205 -0.60603292 -0.09772665]
 [-0.09772665 -0.60603292  1.3097925  -0.60603293]
 [ 0.04521752 -0.09772665 -0.60603293  0.65854207]]


Boundary condition matrix H_bc:
[[3.33333313 0.         0.         1.66666656]
 [0.         0.         0.         0.        ]
 [0.         0.         3.33333309 1.66666654]
 [1.66666656 0.         1.66666654 6.66666622]]


________________________________________________________
Element ID: 8
________________________________________________________

Local H matrix:
[[16.66666667 -4.16666528 -8.33333333 -4.16666805]
 [-4.16666528 16.66666667 -4.16666805 -8.33333333]
 [-8.33333333 -4.16666805 16.66666667 -4.16666528]
 [-4.16666805 -8.33333333 -4.16666528 16.66666667]]


Local C matrix:
[[674.07406666 337.03703333 168.51851666 337.03703333]
 [337.03703333 674.07406666 337.03703333 168.51851666]
 [168.51851666 337.03703333 674.07406666 337.03703333]
 [337.03703333 168.51851666 337.03703333 674.07406666]]


Local p vector:
[   0.        0.     6000.0003 6000.0003]


Local H matrix (after adding H_bc):
[[16.66666667 -4.16666528 -8.33333333 -4.16666805]
 [-4.16666528 16.66666667 -4.16666805 -8.33333333]
 [-8.33333333 -4.16666805 20.00000017 -2.49999853]
 [-4.16666805 -8.33333333 -2.49999853 20.00000017]]


Individual H matrices for each integration point:
[H]pc_1:
[[ 1.3097925  -0.60603285 -0.09772665 -0.606033  ]
 [-0.60603285  0.65854199  0.04521751 -0.09772665]
 [-0.09772665  0.04521751  0.00729161  0.04521753]
 [-0.606033   -0.09772665  0.04521753  0.65854213]]
[H]pc_2:
[[ 1.8642181  -0.54483602 -0.40509257 -0.91428951]
 [-0.54483602  0.64327817  0.30665042 -0.40509257]
 [-0.40509257  0.30665042  0.16124491 -0.06280276]
 [-0.91428951 -0.40509257 -0.06280276  1.38218484]]
[H]pc_3:
[[ 1.38218484 -0.06280276 -0.40509257 -0.91428951]
 [-0.06280276  0.16124491  0.30665042 -0.40509257]
 [-0.40509257  0.30665042  0.64327817 -0.54483602]
 [-0.91428951 -0.40509257 -0.54483602  1.8642181 ]]
[H]pc_4:
[[ 0.65854213  0.04521753 -0.09772665 -0.606033  ]
 [ 0.04521753  0.00729161  0.04521751 -0.09772665]
 [-0.09772665  0.04521751  0.65854199 -0.60603285]
 [-0.606033   -0.09772665 -0.60603285  1.3097925 ]]
[H]pc_5:
[[ 1.86421797 -0.91428917 -0.40509262 -0.54483618]
 [-0.91428917  1.3821846  -0.06280282 -0.40509262]
 [-0.40509262 -0.06280282  0.16124495  0.30665049]
 [-0.54483618 -0.40509262  0.30665049  0.64327831]]
[H]pc_6:
[[ 2.38635953 -0.60546882 -1.1754215  -0.60546921]
 [-0.60546882  1.48266155  0.29822877 -1.1754215 ]
 [-1.1754215   0.29822877  0.57896377  0.29822896]
 [-0.60546921 -1.1754215   0.29822896  1.48266175]]
[H]pc_7:
[[ 1.48266175  0.29822896 -1.1754215  -0.60546921]
 [ 0.29822896  0.57896377  0.29822877 -1.1754215 ]
 [-1.1754215   0.29822877  1.48266155 -0.60546882]
 [-0.60546921 -1.1754215  -0.60546882  2.38635953]]
[H]pc_8:
[[ 0.64327831  0.30665049 -0.40509262 -0.54483618]
 [ 0.30665049  0.16124495 -0.06280282 -0.40509262]
 [-0.40509262 -0.06280282  1.3821846  -0.91428917]
 [-0.54483618 -0.40509262 -0.91428917  1.86421797]]
[H]pc_9:
[[ 1.3821846  -0.91428917 -0.40509262 -0.06280282]
 [-0.91428917  1.86421797 -0.54483618 -0.40509262]
 [-0.40509262 -0.54483618  0.64327831  0.30665049]
 [-0.06280282 -0.40509262  0.30665049  0.16124495]]
[H]pc_10:
[[ 1.48266155 -0.60546882 -1.1754215   0.29822877]
 [-0.60546882  2.38635953 -0.60546921 -1.1754215 ]
 [-1.1754215  -0.60546921  1.48266175  0.29822896]
 [ 0.29822877 -1.1754215   0.29822896  0.57896377]]
[H]pc_11:
[[ 0.57896377  0.29822896 -1.1754215   0.29822877]
 [ 0.29822896  1.48266175 -0.60546921 -1.1754215 ]
 [-1.1754215  -0.60546921  2.38635953 -0.60546882]
 [ 0.29822877 -1.1754215  -0.60546882  1.48266155]]
[H]pc_12:
[[ 0.16124495  0.30665049 -0.40509262 -0.06280282]
 [ 0.30665049  0.64327831 -0.54483618 -0.40509262]
 [-0.40509262 -0.54483618  1.86421797 -0.91428917]
 [-0.06280282 -0.40509262 -0.91428917  1.3821846 ]]
[H]pc_13:
[[ 0.65854199 -0.60603285 -0.09772665  0.04521751]
 [-0.60603285  1.3097925  -0.606033   -0.09772665]
 [-0.09772665 -0.606033    0.65854213  0.04521753]
 [ 0.04521751 -0.09772665  0.04521753  0.00729161]]
[H]pc_14:
[[ 0.64327817 -0.54483602 -0.40509257  0.30665042]
 [-0.54483602  1.8642181  -0.91428951 -0.40509257]
 [-0.40509257 -0.91428951  1.38218484 -0.06280276]
 [ 0.30665042 -0.40509257 -0.06280276  0.16124491]]
[H]pc_15:
[[ 0.16124491 -0.06280276 -0.40509257  0.30665042]
 [-0.06280276  1.38218484 -0.91428951 -0.40509257]
 [-0.40509257 -0.91428951  1.8642181  -0.54483602]
 [ 0.30665042 -0.40509257 -0.54483602  0.64327817]]
[H]pc_16:
[[ 0.00729161  0.04521753 -0.09772665  0.04521751]
 [ 0.04521753  0.65854213 -0.606033   -0.09772665]
 [-0.09772665 -0.606033    1.3097925  -0.60603285]
 [ 0.04521751 -0.09772665 -0.60603285  0.65854199]]


Boundary condition matrix H_bc:
[[0.         0.         0.         0.        ]
 [0.         0.         0.         0.        ]
 [0.         0.         3.3333335  1.66666675]
 [0.         0.         1.66666675 3.3333335 ]]


________________________________________________________
Element ID: 9
________________________________________________________

Local H matrix:
[[16.66666667 -4.16666524 -8.33333333 -4.16666809]
 [-4.16666524 16.66666667 -4.16666809 -8.33333333]
 [-8.33333333 -4.16666809 16.66666667 -4.16666524]
 [-4.16666809 -8.33333333 -4.16666524 16.66666667]]


Local C matrix:
[[674.07406868 337.03703434 168.51851717 337.03703434]
 [337.03703434 674.07406868 337.03703434 168.51851717]
 [168.51851717 337.03703434 674.07406868 337.03703434]
 [337.03703434 168.51851717 337.03703434 674.07406868]]


Local p vector:
[    0.        5999.999634 11999.999952  6000.000318]


Local H matrix (after adding H_bc):
[[16.66666667 -4.16666524 -8.33333333 -4.16666809]
 [-4.16666524 19.9999998  -2.50000153 -8.33333333]
 [-8.33333333 -2.50000153 23.33333331 -2.49999849]
 [-4.16666809 -8.33333333 -2.49999849 20.00000018]]


Individual H matrices for each integration point:
[H]pc_1:
[[ 1.3097925  -0.60603285 -0.09772665 -0.60603301]
 [-0.60603285  0.65854198  0.04521751 -0.09772665]
 [-0.09772665  0.04521751  0.00729161  0.04521753]
 [-0.60603301 -0.09772665  0.04521753  0.65854213]]
[H]pc_2:
[[ 1.8642181  -0.54483602 -0.40509257 -0.91428952]
 [-0.54483602  0.64327817  0.30665042 -0.40509257]
 [-0.40509257  0.30665042  0.16124491 -0.06280276]
 [-0.91428952 -0.40509257 -0.06280276  1.38218485]]
[H]pc_3:
[[ 1.38218485 -0.06280276 -0.40509257 -0.91428952]
 [-0.06280276  0.16124491  0.30665042 -0.40509257]
 [-0.40509257  0.30665042  0.64327817 -0.54483602]
 [-0.91428952 -0.40509257 -0.54483602  1.8642181 ]]
[H]pc_4:
[[ 0.65854213  0.04521753 -0.09772665 -0.60603301]
 [ 0.04521753  0.00729161  0.04521751 -0.09772665]
 [-0.09772665  0.04521751  0.65854198 -0.60603285]
 [-0.60603301 -0.09772665 -0.60603285  1.3097925 ]]
[H]pc_5:
[[ 1.86421797 -0.91428917 -0.40509262 -0.54483618]
