Global parameters:
{'SimulationTime': 500.0, 'SimulationStepTime': 50.0, 'Conductivity': 25.0, 'Alfa': 300.0, 'Tot': 1200.0, 'InitialTemp': 100.0, 'Density': 7800.0, 'SpecificHeat': 700.0, 'Nodes number': 16.0, 'Elements number': 9.0}

Nodes:
Node ID: 1, X: 0.100000001, Y: 0.00499999989
Node ID: 2, X: 0.0666666701, Y: 0.00499999989
Node ID: 3, X: 0.0333333351, Y: 0.00499999989
Node ID: 4, X: 0.0, Y: 0.00499999989
Node ID: 5, X: 0.100000001, Y: -0.0283333343
Node ID: 6, X: 0.0666666701, Y: -0.0283333343
Node ID: 7, X: 0.0333333351, Y: -0.0283333343
Node ID: 8, X: 0.0, Y: -0.0283333343
Node ID: 9, X: 0.100000001, Y: -0.0616666675
Node ID: 10, X: 0.0666666701, Y: -0.0616666675
Node ID: 11, X: 0.0333333351, Y: -0.0616666675
Node ID: 12, X: 0.0, Y: -0.0616666675
Node ID: 13, X: 0.100000001, Y: -0.0949999988
Node ID: 14, X: 0.0666666701, Y: -0.0949999988
Node ID: 15, X: 0.0333333351, Y: -0.0949999988
Node ID: 16, X: 0.0, Y: -0.0949999988

Elements:
Element ID: 1, Node IDs: [1, 2, 6, 5]
Element ID: 2, Node IDs: [2, 3, 7, 6]
Element ID: 3, Node IDs: [3, 4, 8, 7]
Element ID: 4, Node IDs: [5, 6, 10, 9]
Element ID: 5, Node IDs: [6, 7, 11, 10]
Element ID: 6, Node IDs: [7, 8, 12, 11]
Element ID: 7, Node IDs: [9, 10, 14, 13]
Element ID: 8, Node IDs: [10, 11, 15, 14]
Element ID: 9, Node IDs: [11, 12, 16, 15]

Boundary conditions:
[1, 2, 3, 4, 5, 8, 9, 12, 13, 14, 15, 16]
________________________________________________________
Element ID: 1
________________________________________________________

Local H matrix:
[[16.66666667 -4.1666679  -8.33333333 -4.16666543]
 [-4.1666679  16.66666667 -4.16666543 -8.33333333]
 [-8.33333333 -4.16666543 16.66666667 -4.1666679 ]
 [-4.16666543 -8.33333333 -4.1666679  16.66666667]]


Local C matrix:
[[674.07404219 337.0370211  168.51851055 337.0370211 ]
 [337.0370211  674.07404219 337.0370211  168.51851055]
 [168.51851055 337.0370211  674.07404219 337.0370211 ]
 [337.0370211  168.51851055 337.0370211  674.07404219]]


Local p vector:
[11999.9997162  5999.999562      0.         6000.0001542]


Local H matrix (after adding H_bc):
[[23.33333318 -2.50000136 -8.33333333 -2.49999872]
 [-2.50000136 19.99999976 -4.16666543 -8.33333333]
 [-8.33333333 -4.16666543 16.66666667 -4.1666679 ]
 [-2.49999872 -8.33333333 -4.1666679  20.00000009]]


Individual H matrices for each integration point:
[H]pc_1:
[[ 7.77510585 -2.84588674 -2.08333333 -2.84588577]
 [-2.84588674  4.16666702  0.76255305 -2.08333333]
 [-2.08333333  0.76255305  0.55822748  0.76255279]
 [-2.84588577 -2.08333333  0.76255279  4.16666631]]
[H]pc_2:
[[ 4.16666631  0.76255279 -2.08333333 -2.84588577]
 [ 0.76255279  0.55822748  0.76255305 -2.08333333]
 [-2.08333333  0.76255305  4.16666702 -2.84588674]
 [-2.84588577 -2.08333333 -2.84588674  7.77510585]]
[H]pc_3:
[[ 4.16666702 -2.84588674 -2.08333333  0.76255305]
 [-2.84588674  7.77510585 -2.84588577 -2.08333333]
 [-2.08333333 -2.84588577  4.16666631  0.76255279]
 [ 0.76255305 -2.08333333  0.76255279  0.55822748]]
[H]pc_4:
[[ 0.55822748  0.76255279 -2.08333333  0.76255305]
 [ 0.76255279  4.16666631 -2.84588577 -2.08333333]
 [-2.08333333 -2.84588577  7.77510585 -2.84588674]
 [ 0.76255305 -2.08333333 -2.84588674  4.16666702]]


Boundary condition matrix H_bc:
[[6.66666651 1.66666654 0.         1.66666671]
 [1.66666654 3.33333309 0.         0.        ]
 [0.         0.         0.         0.        ]
 [1.66666671 0.         0.         3.33333342]]


________________________________________________________
Element ID: 2
________________________________________________________

Local H matrix:
[[16.66666667 -4.16666636 -8.33333333 -4.16666697]
 [-4.16666636 16.66666667 -4.16666697 -8.33333333]
 [-8.33333333 -4.16666697 16.66666667 -4.16666636]
 [-4.16666697 -8.33333333 -4.16666636 16.66666667]]


Local C matrix:
[[674.0741251  337.03706255 168.51853128 337.03706255]
 [337.03706255 674.0741251  337.03706255 168.51853128]
 [168.51853128 337.03706255 674.0741251  337.03706255]
 [337.03706255 168.51853128 337.03706255 674.0741251 ]]


Local p vector:
[6000.0003 6000.0003    0.        0.    ]


Local H matrix (after adding H_bc):
[[20.00000017 -2.49999961 -8.33333333 -4.16666697]
 [-2.49999961 20.00000017 -4.16666697 -8.33333333]
 [-8.33333333 -4.16666697 16.66666667 -4.16666636]
 [-4.16666697 -8.33333333 -4.16666636 16.66666667]]


Individual H matrices for each integration point:
[H]pc_1:
[[ 7.77510585 -2.84588614 -2.08333333 -2.84588638]
 [-2.84588614  4.16666658  0.76255289 -2.08333333]
 [-2.08333333  0.76255289  0.55822748  0.76255296]
 [-2.84588638 -2.08333333  0.76255296  4.16666675]]
[H]pc_2:
[[ 4.16666675  0.76255296 -2.08333333 -2.84588638]
 [ 0.76255296  0.55822748  0.76255289 -2.08333333]
 [-2.08333333  0.76255289  4.16666658 -2.84588614]
 [-2.84588638 -2.08333333 -2.84588614  7.77510585]]
[H]pc_3:
[[ 4.16666658 -2.84588614 -2.08333333  0.76255289]
 [-2.84588614  7.77510585 -2.84588638 -2.08333333]
 [-2.08333333 -2.84588638  4.16666675  0.76255296]
 [ 0.76255289 -2.08333333  0.76255296  0.55822748]]
[H]pc_4:
[[ 0.55822748  0.76255296 -2.08333333  0.76255289]
 [ 0.76255296  4.16666675 -2.84588638 -2.08333333]
 [-2.08333333 -2.84588638  7.77510585 -2.84588614]
 [ 0.76255289 -2.08333333 -2.84588614  4.16666658]]


Boundary condition matrix H_bc:
[[3.3333335  1.66666675 0.         0.        ]
 [1.66666675 3.3333335  0.         0.        ]
 [0.         0.         0.         0.        ]
 [0.         0.         0.         0.        ]]


________________________________________________________
Element ID: 3
________________________________________________________

Local H matrix:
[[16.66666667 -4.16666633 -8.33333333 -4.16666701]
 [-4.16666633 16.66666667 -4.16666701 -8.33333333]
 [-8.33333333 -4.16666701 16.66666667 -4.16666633]
 [-4.16666701 -8.33333333 -4.16666633 16.66666667]]


Local C matrix:
[[674.07412712 337.03706356 168.51853178 337.03706356]
 [337.03706356 674.07412712 337.03706356 168.51853178]
 [168.51853178 337.03706356 674.07412712 337.03706356]
 [337.03706356 168.51853178 337.03706356 674.07412712]]


Local p vector:
[ 6000.000318  12000.0004722  6000.0001542     0.       ]


Local H matrix (after adding H_bc):
[[20.00000018 -2.49999957 -8.33333333 -4.16666701]
 [-2.49999957 23.3333336  -2.5000003  -8.33333333]
 [-8.33333333 -2.5000003  20.00000009 -4.16666633]
 [-4.16666701 -8.33333333 -4.16666633 16.66666667]]


Individual H matrices for each integration point:
[H]pc_1:
[[ 7.77510585 -2.84588612 -2.08333333 -2.84588639]
 [-2.84588612  4.16666657  0.76255289 -2.08333333]
 [-2.08333333  0.76255289  0.55822748  0.76255296]
 [-2.84588639 -2.08333333  0.76255296  4.16666677]]
[H]pc_2:
[[ 4.16666677  0.76255296 -2.08333333 -2.84588639]
 [ 0.76255296  0.55822748  0.76255289 -2.08333333]
 [-2.08333333  0.76255289  4.16666657 -2.84588612]
 [-2.84588639 -2.08333333 -2.84588612  7.77510585]]
[H]pc_3:
[[ 4.16666657 -2.84588612 -2.08333333  0.76255289]
 [-2.84588612  7.77510585 -2.84588639 -2.08333333]
 [-2.08333333 -2.84588639  4.16666677  0.76255296]
 [ 0.76255289 -2.08333333  0.76255296  0.55822748]]
[H]pc_4:
[[ 0.55822748  0.76255296 -2.08333333  0.76255289]
 [ 0.76255296  4.16666677 -2.84588639 -2.08333333]
 [-2.08333333 -2.84588639  7.77510585 -2.84588612]
 [ 0.76255289 -2.08333333 -2.84588612  4.16666657]]


Boundary condition matrix H_bc:
[[3.33333351 1.66666675 0.         0.        ]
 [1.66666675 6.66666693 1.66666671 0.        ]
 [0.         1.66666671 3.33333342 0.        ]
 [0.         0.         0.         0.        ]]


________________________________________________________
Element ID: 4
________________________________________________________

Local H matrix:
[[16.66666667 -4.16666753 -8.33333333 -4.1666658 ]
 [-4.16666753 16.66666667 -4.1666658  -8.33333333]
 [-8.33333333 -4.1666658  16.66666667 -4.16666753]
 [-4.1666658  -8.33333333 -4.16666753 16.66666667]]


Local C matrix:
[[674.07402217 337.03701109 168.51850554 337.03701109]
 [337.03701109 674.07402217 337.03701109 168.51850554]
 [168.51850554 337.03701109 674.07402217 337.03701109]
 [337.03701109 168.51850554 337.03701109 674.07402217]]


Local p vector:
[5999.999976    0.          0.       5999.999976]


Local H matrix (after adding H_bc):
[[19.99999999 -4.16666753 -8.33333333 -2.49999914]
 [-4.16666753 16.66666667 -4.1666658  -8.33333333]
 [-8.33333333 -4.1666658  16.66666667 -4.16666753]
 [-2.49999914 -8.33333333 -4.16666753 19.99999999]]


Individual H matrices for each integration point:
[H]pc_1:
[[ 7.77510585 -2.8458866  -2.08333333 -2.84588592]
 [-2.8458866   4.16666692  0.76255302 -2.08333333]
 [-2.08333333  0.76255302  0.55822748  0.76255283]
 [-2.84588592 -2.08333333  0.76255283  4.16666642]]
[H]pc_2:
[[ 4.16666642  0.76255283 -2.08333333 -2.84588592]
 [ 0.76255283  0.55822748  0.76255302 -2.08333333]
 [-2.08333333  0.76255302  4.16666692 -2.8458866 ]
 [-2.84588592 -2.08333333 -2.8458866   7.77510585]]
[H]pc_3:
[[ 4.16666692 -2.8458866  -2.08333333  0.76255302]
 [-2.8458866   7.77510585 -2.84588592 -2.08333333]
 [-2.08333333 -2.84588592  4.16666642  0.76255283]
 [ 0.76255302 -2.08333333  0.76255283  0.55822748]]
[H]pc_4:
[[ 0.55822748  0.76255283 -2.08333333  0.76255302]
 [ 0.76255283  4.16666642 -2.84588592 -2.08333333]
 [-2.08333333 -2.84588592  7.77510585 -2.8458866 ]
 [ 0.76255302 -2.08333333 -2.8458866   4.16666692]]


Boundary condition matrix H_bc:
[[3.33333332 0.         0.         1.66666666]
 [0.         0.         0.         0.        ]
 [0.         0.         0.         0.        ]
 [1.66666666 0.         0.         3.33333332]]


________________________________________________________
Element ID: 5
________________________________________________________

Local H matrix:
[[16.66666667 -4.16666599 -8.33333333 -4.16666734]
 [-4.16666599 16.66666667 -4.16666734 -8.33333333]
 [-8.33333333 -4.16666734 16.66666667 -4.16666599]
 [-4.16666734 -8.33333333 -4.16666599 16.66666667]]


Local C matrix:
[[674.07410508 337.03705254 168.51852627 337.03705254]
 [337.03705254 674.07410508 337.03705254 168.51852627]
 [168.51852627 337.03705254 674.07410508 337.03705254]
 [337.03705254 168.51852627 337.03705254 674.07410508]]


Local p vector:
[0. 0. 0. 0.]


Local H matrix (after adding H_bc):
[[16.66666667 -4.16666599 -8.33333333 -4.16666734]
 [-4.16666599 16.66666667 -4.16666734 -8.33333333]
 [-8.33333333 -4.16666734 16.66666667 -4.16666599]
 [-4.16666734 -8.33333333 -4.16666599 16.66666667]]


Individual H matrices for each integration point:
[H]pc_1:
[[ 7.77510585 -2.84588599 -2.08333333 -2.84588652]
 [-2.84588599  4.16666647  0.76255285 -2.08333333]
 [-2.08333333  0.76255285  0.55822748  0.762553  ]
 [-2.84588652 -2.08333333  0.762553    4.16666686]]
[H]pc_2:
[[ 4.16666686  0.762553   -2.08333333 -2.84588652]
 [ 0.762553    0.55822748  0.76255285 -2.08333333]
 [-2.08333333  0.76255285  4.16666647 -2.84588599]
 [-2.84588652 -2.08333333 -2.84588599  7.77510585]]
[H]pc_3:
[[ 4.16666647 -2.84588599 -2.08333333  0.76255285]
 [-2.84588599  7.77510585 -2.84588652 -2.08333333]
 [-2.08333333 -2.84588652  4.16666686  0.762553  ]
 [ 0.76255285 -2.08333333  0.762553    0.55822748]]
[H]pc_4:
[[ 0.55822748  0.762553   -2.08333333  0.76255285]
 [ 0.762553    4.16666686 -2.84588652 -2.08333333]
 [-2.08333333 -2.84588652  7.77510585 -2.84588599]
 [ 0.76255285 -2.08333333 -2.84588599  4.16666647]]


Boundary condition matrix H_bc:
[[0. 0. 0. 0.]
 [0. 0. 0. 0.]
 [0. 0. 0. 0.]
 [0. 0. 0. 0.]]


________________________________________________________
Element ID: 6
________________________________________________________

Local H matrix:
[[16.66666667 -4.16666595 -8.33333333 -4.16666738]
 [-4.16666595 16.66666667 -4.16666738 -8.33333333]
 [-8.33333333 -4.16666738 16.66666667 -4.16666595]
 [-4.16666738 -8.33333333 -4.16666595 16.66666667]]


Local C matrix:
[[674.0741071  337.03705355 168.51852678 337.03705355]
 [337.03705355 674.0741071  337.03705355 168.51852678]
 [168.51852678 337.03705355 674.0741071  337.03705355]
 [337.03705355 168.51852678 337.03705355 674.0741071 ]]


Local p vector:
[   0.       5999.999976 5999.999976    0.      ]


Local H matrix (after adding H_bc):
[[16.66666667 -4.16666595 -8.33333333 -4.16666738]
 [-4.16666595 19.99999999 -2.50000072 -8.33333333]
 [-8.33333333 -2.50000072 19.99999999 -4.16666595]
 [-4.16666738 -8.33333333 -4.16666595 16.66666667]]


Individual H matrices for each integration point:
[H]pc_1:
[[ 7.77510585 -2.84588598 -2.08333333 -2.84588654]
 [-2.84588598  4.16666646  0.76255285 -2.08333333]
 [-2.08333333  0.76255285  0.55822748  0.762553  ]
 [-2.84588654 -2.08333333  0.762553    4.16666687]]
[H]pc_2:
[[ 4.16666687  0.762553   -2.08333333 -2.84588654]
 [ 0.762553    0.55822748  0.76255285 -2.08333333]
 [-2.08333333  0.76255285  4.16666646 -2.84588598]
 [-2.84588654 -2.08333333 -2.84588598  7.77510585]]
[H]pc_3:
[[ 4.16666646 -2.84588598 -2.08333333  0.76255285]
 [-2.84588598  7.77510585 -2.84588654 -2.08333333]
 [-2.08333333 -2.84588654  4.16666687  0.762553  ]
 [ 0.76255285 -2.08333333  0.762553    0.55822748]]
[H]pc_4:
[[ 0.55822748  0.762553   -2.08333333  0.76255285]
 [ 0.762553    4.16666687 -2.84588654 -2.08333333]
 [-2.08333333 -2.84588654  7.77510585 -2.84588598]
 [ 0.76255285 -2.08333333 -2.84588598  4.16666646]]


Boundary condition matrix H_bc:
[[0.         0.         0.         0.        ]
 [0.         3.33333332 1.66666666 0.        ]
 [0.         1.66666666 3.33333332 0.        ]
 [0.         0.         0.         0.        ]]


________________________________________________________
Element ID: 7
________________________________________________________

Local H matrix:
[[16.66666667 -4.16666682 -8.33333333 -4.16666652]
 [-4.16666682 16.66666667 -4.16666652 -8.33333333]
 [-8.33333333 -4.16666652 16.66666667 -4.16666682]
 [-4.16666652 -8.33333333 -4.16666682 16.66666667]]


Local C matrix:
[[674.07398375 337.03699187 168.51849594 337.03699187]
 [337.03699187 674.07398375 337.03699187 168.51849594]
 [168.51849594 337.03699187 674.07398375 337.03699187]
 [337.03699187 168.51849594 337.03699187 674.07398375]]


Local p vector:
[ 5999.999634     0.        5999.999562 11999.999196]


Local H matrix (after adding H_bc):
[[19.9999998  -4.16666682 -8.33333333 -2.49999995]
 [-4.16666682 16.66666667 -4.16666652 -8.33333333]
 [-8.33333333 -4.16666652 19.99999976 -2.50000027]
 [-2.49999995 -8.33333333 -2.50000027 23.33333289]]


Individual H matrices for each integration point:
[H]pc_1:
[[ 7.77510585 -2.84588632 -2.08333333 -2.8458862 ]
 [-2.84588632  4.16666671  0.76255294 -2.08333333]
 [-2.08333333  0.76255294  0.55822748  0.76255291]
 [-2.8458862  -2.08333333  0.76255291  4.16666662]]
[H]pc_2:
[[ 4.16666662  0.76255291 -2.08333333 -2.8458862 ]
 [ 0.76255291  0.55822748  0.76255294 -2.08333333]
 [-2.08333333  0.76255294  4.16666671 -2.84588632]
 [-2.8458862  -2.08333333 -2.84588632  7.77510585]]
[H]pc_3:
[[ 4.16666671 -2.84588632 -2.08333333  0.76255294]
 [-2.84588632  7.77510585 -2.8458862  -2.08333333]
 [-2.08333333 -2.8458862   4.16666662  0.76255291]
 [ 0.76255294 -2.08333333  0.76255291  0.55822748]]
[H]pc_4:
[[ 0.55822748  0.76255291 -2.08333333  0.76255294]
 [ 0.76255291  4.16666662 -2.8458862  -2.08333333]
 [-2.08333333 -2.8458862   7.77510585 -2.84588632]
 [ 0.76255294 -2.08333333 -2.84588632  4.16666671]]


Boundary condition matrix H_bc:
[[3.33333313 0.         0.         1.66666656]
 [0.         0.         0.         0.        ]
 [0.         0.         3.33333309 1.66666654]
 [1.66666656 0.         1.66666654 6.66666622]]


________________________________________________________
Element ID: 8
________________________________________________________

Local H matrix:
[[16.66666667 -4.16666528 -8.33333333 -4.16666805]
 [-4.16666528 16.66666667 -4.16666805 -8.33333333]
 [-8.33333333 -4.16666805 16.66666667 -4.16666528]
 [-4.16666805 -8.33333333 -4.16666528 16.66666667]]


Local C matrix:
[[674.07406666 337.03703333 168.51851666 337.03703333]
 [337.03703333 674.07406666 337.03703333 168.51851666]
 [168.51851666 337.03703333 674.07406666 337.03703333]
 [337.03703333 168.51851666 337.03703333 674.07406666]]


Local p vector:
[   0.        0.     6000.0003 6000.0003]


Local H matrix (after adding H_bc):
[[16.66666667 -4.16666528 -8.33333333 -4.16666805]
 [-4.16666528 16.66666667 -4.16666805 -8.33333333]
 [-8.33333333 -4.16666805 20.00000017 -2.49999853]
 [-4.16666805 -8.33333333 -2.49999853 20.00000017]]


Individual H matrices for each integration point:
[H]pc_1:
[[ 7.77510585 -2.84588571 -2.08333333 -2.84588681]
 [-2.84588571  4.16666627  0.76255278 -2.08333333]
 [-2.08333333  0.76255278  0.55822748  0.76255307]
 [-2.84588681 -2.08333333  0.76255307  4.16666707]]
[H]pc_2:
[[ 4.16666707  0.76255307 -2.08333333 -2.84588681]
 [ 0.76255307  0.55822748  0.76255278 -2.08333333]
 [-2.08333333  0.76255278  4.16666627 -2.84588571]
 [-2.84588681 -2.08333333 -2.84588571  7.77510585]]
[H]pc_3:
[[ 4.16666627 -2.84588571 -2.08333333  0.76255278]
 [-2.84588571  7.77510585 -2.84588681 -2.08333333]
 [-2.08333333 -2.84588681  4.16666707  0.76255307]
 [ 0.76255278 -2.08333333  0.76255307  0.55822748]]
[H]pc_4:
[[ 0.55822748  0.76255307 -2.08333333  0.76255278]
 [ 0.76255307  4.16666707 -2.84588681 -2.08333333]
 [-2.08333333 -2.84588681  7.77510585 -2.84588571]
 [ 0.76255278 -2.08333333 -2.84588571  4.16666627]]


Boundary condition matrix H_bc:
[[0.         0.         0.         0.        ]
 [0.         0.         0.         0.        ]
 [0.         0.         3.3333335  1.66666675]
 [0.         0.         1.66666675 3.3333335 ]]


________________________________________________________
Element ID: 9
________________________________________________________

Local H matrix:
[[16.66666667 -4.16666524 -8.33333333 -4.16666809]
 [-4.16666524 16.66666667 -4.16666809 -8.33333333]
 [-8.33333333 -4.16666809 16.66666667 -4.16666524]
 [-4.16666809 -8.33333333 -4.16666524 16.66666667]]


Local C matrix:
[[674.07406868 337.03703434 168.51851717 337.03703434]
 [337.03703434 674.07406868 337.03703434 168.51851717]
 [168.51851717 337.03703434 674.07406868 337.03703434]
 [337.03703434 168.51851717 337.03703434 674.07406868]]


Local p vector:
[    0.        5999.999634 11999.999952  6000.000318]


Local H matrix (after adding H_bc):
[[16.66666667 -4.16666524 -8.33333333 -4.16666809]
 [-4.16666524 19.9999998  -2.50000153 -8.33333333]
 [-8.33333333 -2.50000153 23.33333331 -2.49999849]
 [-4.16666809 -8.33333333 -2.49999849 20.00000018]]


Individual H matrices for each integration point:
[H]pc_1:
[[ 7.77510585 -2.8458857  -2.08333333 -2.84588682]
 [-2.8458857   4.16666626  0.76255277 -2.08333333]
 [-2.08333333  0.76255277  0.55822748  0.76255308]
 [-2.84588682 -2.08333333  0.76255308  4.16666708]]
[H]pc_2:
[[ 4.16666708  0.76255308 -2.08333333 -2.84588682]
 [ 0.76255308  0.55822748  0.76255277 -2.08333333]
 [-2.08333333  0.76255277  4.16666626 -2.8458857 ]
 [-2.84588682 -2.08333333 -2.8458857   7.77510585]]
[H]pc_3:
[[ 4.16666626 -2.8458857  -2.08333333  0.76255277]
 [-2.8458857   7.77510585 -2.84588682 -2.08333333]
 [-2.08333333 -2.84588682  4.16666708  0.76255308]
 [ 0.76255277 -2.08333333  0.76255308  0.55822748]]
[H]pc_4:
[[ 0.55822748  0.76255308 -2.08333333  0.76255277]
 [ 0.76255308  4.16666708 -2.84588682 -2.08333333]
 [-2.08333333 -2.84588682  7.77510585 -2.8458857 ]
 [ 0.76255277 -2.08333333 -2.8458857   4.16666626]]


Boundary condition matrix H_bc:
[[0.         0.         0.         0.        ]
 [0.         3.33333313 1.66666656 0.        ]
 [0.         1.66666656 6.66666664 1.66666675]
 [0.         0.         1.66666675 3.33333351]]


Global H matrix:
23.33333 -2.50000 0.00000 0.00000 -2.50000 -8.33333 0.00000 0.00000 0.00000 0.00000 0.00000 0.00000 0.00000 0.00000 0.00000 0.00000
-2.50000 40.00000 -2.50000 0.00000 -8.33333 -8.33333 -8.33333 0.00000 0.00000 0.00000 0.00000 0.00000 0.00000 0.00000 0.00000 0.00000
0.00000 -2.50000 40.00000 -2.50000 0.00000 -8.33333 -8.33333 -8.33333 0.00000 0.00000 0.00000 0.00000 0.00000 0.00000 0.00000 0.00000
0.00000 0.00000 -2.50000 23.33333 0.00000 0.00000 -8.33333 -2.50000 0.00000 0.00000 0.00000 0.00000 0.00000 0.00000 0.00000 0.00000
-2.50000 -8.33333 0.00000 0.00000 40.00000 -8.33334 0.00000 0.00000 -2.50000 -8.33333 0.00000 0.00000 0.00000 0.00000 0.00000 0.00000
-8.33333 -8.33333 -8.33333 0.00000 -8.33334 66.66667 -8.33333 0.00000 -8.33333 -8.33333 -8.33333 0.00000 0.00000 0.00000 0.00000 0.00000
0.00000 -8.33333 -8.33333 -8.33333 0.00000 -8.33333 66.66667 -8.33333 0.00000 -8.33333 -8.33333 -8.33333 0.00000 0.00000 0.00000 0.00000
0.00000 0.00000 -8.33333 -2.50000 0.00000 0.00000 -8.33333 40.00000 0.00000 0.00000 -8.33333 -2.50000 0.00000 0.00000 0.00000 0.00000
0.00000 0.00000 0.00000 0.00000 -2.50000 -8.33333 0.00000 0.00000 40.00000 -8.33333 0.00000 0.00000 -2.50000 -8.33333 0.00000 0.00000
0.00000 0.00000 0.00000 0.00000 -8.33333 -8.33333 -8.33333 0.00000 -8.33333 66.66667 -8.33333 0.00000 -8.33333 -8.33333 -8.33333 0.00000
0.00000 0.00000 0.00000 0.00000 0.00000 -8.33333 -8.33333 -8.33333 0.00000 -8.33333 66.66667 -8.33333 0.00000 -8.33333 -8.33334 -8.33333
0.00000 0.00000 0.00000 0.00000 0.00000 0.00000 -8.33333 -2.50000 0.00000 0.00000 -8.33333 40.00000 0.00000 0.00000 -8.33333 -2.50000
0.00000 0.00000 0.00000 0.00000 0.00000 0.00000 0.00000 0.00000 -2.50000 -8.33333 0.00000 0.00000 23.33333 -2.50000 0.00000 0.00000
0.00000 0.00000 0.00000 0.00000 0.00000 0.00000 0.00000 0.00000 -8.33333 -8.33333 -8.33333 0.00000 -2.50000 40.00000 -2.50000 0.00000
0.00000 0.00000 0.00000 0.00000 0.00000 0.00000 0.00000 0.00000 0.00000 -8.33333 -8.33334 -8.33333 0.00000 -2.50000 40.00000 -2.50000
0.00000 0.00000 0.00000 0.00000 0.00000 0.00000 0.00000 0.00000 0.00000 0.00000 -8.33333 -2.50000 0.00000 0.00000 -2.50000 23.33333

Global p vector:
11999.99972 11999.99986 12000.00062 12000.00047 12000.00013 0.00000 0.00000 12000.00013 11999.99961 0.00000 0.00000 11999.99961 11999.99920 11999.99986 12000.00062 11999.99995

Global C matrix:
674.07404 337.03702 0.00000 0.00000 337.03702 168.51851 0.00000 0.00000 0.00000 0.00000 0.00000 0.00000 0.00000 0.00000 0.00000 0.00000
337.03702 1348.14817 337.03706 0.00000 168.51851 674.07408 168.51853 0.00000 0.00000 0.00000 0.00000 0.00000 0.00000 0.00000 0.00000 0.00000
0.00000 337.03706 1348.14825 337.03706 0.00000 168.51853 674.07413 168.51853 0.00000 0.00000 0.00000 0.00000 0.00000 0.00000 0.00000 0.00000
0.00000 0.00000 337.03706 674.07413 0.00000 0.00000 168.51853 337.03706 0.00000 0.00000 0.00000 0.00000 0.00000 0.00000 0.00000 0.00000
337.03702 168.51851 0.00000 0.00000 1348.14806 674.07403 0.00000 0.00000 337.03701 168.51851 0.00000 0.00000 0.00000 0.00000 0.00000 0.00000
168.51851 674.07408 168.51853 0.00000 674.07403 2696.29629 674.07412 0.00000 168.51851 674.07406 168.51853 0.00000 0.00000 0.00000 0.00000 0.00000
0.00000 168.51853 674.07413 168.51853 0.00000 674.07412 2696.29646 674.07412 0.00000 168.51853 674.07411 168.51853 0.00000 0.00000 0.00000 0.00000
0.00000 0.00000 168.51853 337.03706 0.00000 0.00000 674.07412 1348.14823 0.00000 0.00000 168.51853 337.03705 0.00000 0.00000 0.00000 0.00000
0.00000 0.00000 0.00000 0.00000 337.03701 168.51851 0.00000 0.00000 1348.14801 674.07400 0.00000 0.00000 337.03699 168.51850 0.00000 0.00000
0.00000 0.00000 0.00000 0.00000 168.51851 674.07406 168.51853 0.00000 674.07400 2696.29618 674.07409 0.00000 168.51850 674.07403 168.51852 0.00000
0.00000 0.00000 0.00000 0.00000 0.00000 168.51853 674.07411 168.51853 0.00000 674.07409 2696.29635 674.07409 0.00000 168.51852 674.07407 168.51852
0.00000 0.00000 0.00000 0.00000 0.00000 0.00000 168.51853 337.03705 0.00000 0.00000 674.07409 1348.14818 0.00000 0.00000 168.51852 337.03703
0.00000 0.00000 0.00000 0.00000 0.00000 0.00000 0.00000 0.00000 337.03699 168.51850 0.00000 0.00000 674.07398 337.03699 0.00000 0.00000
0.00000 0.00000 0.00000 0.00000 0.00000 0.00000 0.00000 0.00000 168.51850 674.07403 168.51852 0.00000 337.03699 1348.14805 337.03703 0.00000
0.00000 0.00000 0.00000 0.00000 0.00000 0.00000 0.00000 0.00000 0.00000 168.51852 674.07407 168.51852 0.00000 337.03703 1348.14814 337.03703
0.00000 0.00000 0.00000 0.00000 0.00000 0.00000 0.00000 0.00000 0.00000 0.00000 168.51852 337.03703 0.00000 0.00000 337.03703 674.07407
Step 0/10
Temperatures at step 0:
365.81547 249.01534 249.01534 365.81547 249.01534 110.03798 110.03797 249.01534 249.01535 110.03798 110.03798 249.01534 365.81547 249.01535 249.01534 365.81547
Min temperature: 110.037972355550636
Max temperature: 365.815472625159146


Step 1/10
Temperatures at step 1:
502.59171 353.09987 353.09986 502.59171 353.09987 168.83702 168.83701 353.09987 353.09988 168.83703 168.83702 353.09987 502.59171 353.09988 353.09987 502.59171
Min temperature: 168.837009766247974
Max temperature: 502.591714278647316


Step 2/10
Temperatures at step 2:
587.37267 434.59734 434.59733 587.37266 434.59733 242.80086 242.80085 434.59733 434.59734 242.80087 242.80085 434.59734 587.37267 434.59734 434.59733 587.37267
Min temperature: 242.800846272210066
Max temperature: 587.372666709667214


Step 3/10
Temperatures at step 3:
649.38748 503.47230 503.47229 649.38748 503.47230 318.61460 318.61459 503.47230 503.47230 318.61461 318.61460 503.47230 649.38748 503.47230 503.47229 649.38748
Min temperature: 318.614588704510311
Max temperature: 649.387482180521943


Step 4/10
Temperatures at step 4:
700.06842 564.17100 564.17099 700.06842 564.17099 391.25580 391.25579 564.17099 564.17100 391.25581 391.25580 564.17100 700.06842 564.17100 564.17099 700.06842
Min temperature: 391.255791789492150
Max temperature: 700.068418294465346


Step 5/10
Temperatures at step 5:
744.06334 618.77471 618.77470 744.06334 618.77471 459.03692 459.03691 618.77471 618.77471 459.03693 459.03692 618.77471 744.06334 618.77471 618.77470 744.06334
Min temperature: 459.036908919110033
Max temperature: 744.063341473505147


Step 6/10
Temperatures at step 6:
783.38285 668.36430 668.36429 783.38285 668.36429 521.58629 521.58629 668.36429 668.36430 521.58630 521.58629 668.36430 783.38285 668.36430 668.36429 783.38285
Min temperature: 521.586285395657114
Max temperature: 783.382846217609426


Step 7/10
Temperatures at step 7:
818.99218 713.59258 713.59257 818.99218 713.59258 579.03447 579.03446 713.59258 713.59258 579.03448 579.03447 713.59258 818.99218 713.59258 713.59257 818.99218
Min temperature: 579.034461392354956
Max temperature: 818.992183572045519


Step 8/10
Temperatures at step 8:
851.43104 754.92096 754.92095 851.43104 754.92095 631.68927 631.68926 754.92095 754.92096 631.68927 631.68926 754.92096 851.43104 754.92096 754.92095 851.43104
Min temperature: 631.689258232969223
Max temperature: 851.431037796370674


Step 9/10
Temperatures at step 9:
881.05763 792.71697 792.71697 881.05763 792.71697 679.90763 679.90762 792.71697 792.71697 679.90763 679.90762 792.71697 881.05763 792.71697 792.71697 881.05763
Min temperature: 679.907619130386479
Max temperature: 881.057629388594478


