Global parameters:
{'SimulationTime': 500.0, 'SimulationStepTime': 50.0, 'Conductivity': 25.0, 'Alfa': 300.0, 'Tot': 1200.0, 'InitialTemp': 100.0, 'Density': 7800.0, 'SpecificHeat': 700.0, 'Nodes number': 16.0, 'Elements number': 9.0}

Nodes:
Node ID: 1, X: 0.100000001, Y: 0.00499999989
Node ID: 2, X: 0.0546918176, Y: 0.00499999989
Node ID: 3, X: 0.0226540919, Y: 0.00499999989
Node ID: 4, X: 0.0, Y: 0.00499999989
Node ID: 5, X: 0.100000001, Y: -0.0403081849
Node ID: 6, X: 0.0623899326, Y: -0.0326100662
Node ID: 7, X: 0.0303522106, Y: -0.0253522098
Node ID: 8, X: 0.0, Y: -0.0176540911
Node ID: 9, X: 0.100000001, Y: -0.072345905
Node ID: 10, X: 0.069647789, Y: -0.0646477863
Node ID: 11, X: 0.0376100652, Y: -0.0573899336
Node ID: 12, X: 0.0, Y: -0.0496918149
Node ID: 13, X: 0.100000001, Y: -0.0949999988
Node ID: 14, X: 0.0773459077, Y: -0.0949999988
Node ID: 15, X: 0.0453081839, Y: -0.0949999988
Node ID: 16, X: 0.0, Y: -0.0949999988

Elements:
Element ID: 1, Node IDs: [1, 2, 6, 5]
Element ID: 2, Node IDs: [2, 3, 7, 6]
Element ID: 3, Node IDs: [3, 4, 8, 7]
Element ID: 4, Node IDs: [5, 6, 10, 9]
Element ID: 5, Node IDs: [6, 7, 11, 10]
Element ID: 6, Node IDs: [7, 8, 12, 11]
Element ID: 7, Node IDs: [9, 10, 14, 13]
Element ID: 8, Node IDs: [10, 11, 15, 14]
Element ID: 9, Node IDs: [11, 12, 16, 15]

Boundary conditions:
[1, 2, 3, 4, 5, 8, 9, 12, 13, 14, 15, 16]
________________________________________________________
Element ID: 1
________________________________________________________

Local H matrix:
[[ 17.77017677  -3.40951492 -10.95114686  -3.40951499]
 [ -3.40951492  14.6631648   -5.16445575  -6.08919413]
 [-10.95114686  -5.16445575  21.2800575   -5.16445489]
 [ -3.40951499  -6.08919413  -5.16445489  14.66316401]]


Local C matrix:
[[1139.58553695  543.34302896  258.44665067  543.34304086]
 [ 543.34302896 1033.78657887  490.44356182  258.44665067]
 [ 258.44665067  490.44356182  927.9876684   490.44357372]
 [ 543.34304086  258.44665067  490.44357372 1033.78662648]]


Local p vector:
[16310.9462742  8155.473012      0.         8155.4732622]


Local H matrix (after adding H_bc):
[[ 26.83181359  -1.14410575 -10.95114686  -1.14410575]
 [ -1.14410575  19.19398314  -5.16445575  -6.08919413]
 [-10.95114686  -5.16445575  21.2800575   -5.16445489]
 [ -1.14410575  -6.08919413  -5.16445489  19.19398249]]


Individual H matrices for each integration point:
[H]pc_1:
[[ 3.1583736  -1.37860381 -0.40116605 -1.37860374]
 [-1.37860381  1.52931729  0.17510564 -0.32581912]
 [-0.40116605  0.17510564  0.05095477  0.17510563]
 [-1.37860374 -0.32581912  0.17510563  1.52931723]]
[H]pc_2:
[[ 3.42778513 -0.67252455 -1.29356946 -1.46169112]
 [-0.67252455  0.82671051  0.79195648 -0.94614244]
 [-1.29356946  0.79195648  0.90502172 -0.40340874]
 [-1.46169112 -0.94614244 -0.40340874  2.81124229]]
[H]pc_3:
[[ 1.46577761  0.11117549 -0.70167034 -0.87528275]
 [ 0.11117549  0.04067739  0.16839956 -0.32025244]
 [-0.70167034  0.16839956  1.85907769 -1.3258069 ]
 [-0.87528275 -0.32025244 -1.3258069   2.52134209]]
[H]pc_4:
[[ 3.42778504 -1.46169113 -1.2935694  -0.6725245 ]
 [-1.46169113  2.81124239 -0.40340877 -0.94614249]
 [-1.2935694  -0.40340877  0.9050217   0.79195647]
 [-0.6725245  -0.94614249  0.79195647  0.82671051]]
[H]pc_5:
[[ 2.97452431e+00  3.79517792e-08 -2.97452431e+00 -3.79517792e-08]
 [ 3.79517792e-08  2.04961566e+00 -3.79517792e-08 -2.04961566e+00]
 [-2.97452431e+00 -3.79517792e-08  2.97452431e+00  3.79517792e-08]
 [-3.79517792e-08 -2.04961566e+00  3.79517792e-08  2.04961566e+00]]
[H]pc_6:
[[ 0.88999857  0.70774307 -1.51631806 -0.08142358]
 [ 0.70774307  0.69876085 -0.73861041 -0.66789351]
 [-1.51631806 -0.73861041  4.18890392 -1.93397545]
 [-0.08142358 -0.66789351 -1.93397545  2.68329255]]
[H]pc_7:
[[ 1.46577751 -0.87528276 -0.70167024  0.11117549]
 [-0.87528276  2.52134227 -1.32580705 -0.32025246]
 [-0.70167024 -1.32580705  1.85907771  0.16839957]
 [ 0.11117549 -0.32025246  0.16839957  0.0406774 ]]
[H]pc_8:
[[ 0.88999849 -0.08142353 -1.51631797  0.70774301]
 [-0.08142353  2.68329276 -1.9339757  -0.66789352]
 [-1.51631797 -1.9339757   4.18890395 -0.73861028]
 [ 0.70774301 -0.66789352 -0.73861028  0.6987608 ]]
[H]pc_9:
[[ 0.07015651  0.24109228 -0.55234103  0.24109225]
 [ 0.24109228  1.50220569 -1.89811547  0.1548175 ]
 [-0.55234103 -1.89811547  4.34857174 -1.89811524]
 [ 0.24109225  0.1548175  -1.89811524  1.50220549]]


Boundary condition matrix H_bc:
[[9.06163682 2.26540917 0.         2.26540924]
 [2.26540917 4.53081834 0.         0.        ]
 [0.         0.         0.         0.        ]
 [2.26540924 0.         0.         4.53081848]]


________________________________________________________
Element ID: 2
________________________________________________________

Local H matrix:
[[ 20.96372134  -5.19733413 -13.26519167  -2.50119554]
 [ -5.19733413  14.1463673   -4.45429611  -4.49473706]
 [-13.26519167  -4.45429611  23.38611958  -5.6666318 ]
 [ -2.50119554  -4.49473706  -5.6666318   12.66256441]]


Local C matrix:
[[687.25729177 325.99548394 160.87926377 339.3916895 ]
 [325.99548394 616.72464397 304.1253656  160.87926377]
 [160.87926377 304.1253656  599.77681842 317.52157116]
 [339.3916895  160.87926377 317.52157116 670.30946621]]


Local p vector:
[5766.790626 5766.790626    0.          0.      ]


Local H matrix (after adding H_bc):
[[ 24.16749391  -3.59544784 -13.26519167  -2.50119554]
 [ -3.59544784  17.35013987  -4.45429611  -4.49473706]
 [-13.26519167  -4.45429611  23.38611958  -5.6666318 ]
 [ -2.50119554  -4.49473706  -5.6666318   12.66256441]]


Individual H matrices for each integration point:
[H]pc_1:
[[ 3.87754643 -1.97415098 -0.49251297 -1.41088247]
 [-1.97415098  1.76061824  0.25075005 -0.03721731]
 [-0.49251297  0.25075005  0.06255735  0.17920557]
 [-1.41088247 -0.03721731  0.17920557  1.26889422]]
[H]pc_2:
[[ 4.04709707 -1.0634082  -1.73594161 -1.24774727]
 [-1.0634082   0.86786496  0.91194105 -0.71639781]
 [-1.73594161  0.91194105  1.09767352 -0.27367297]
 [-1.24774727 -0.71639781 -0.27367297  2.23781805]]
[H]pc_3:
[[ 1.63217811  0.07965704 -1.0846966  -0.62713854]
 [ 0.07965704  0.03284523  0.14608768 -0.25858995]
 [-1.0846966   0.14608768  2.08875483 -1.15014591]
 [-0.62713854 -0.25858995 -1.15014591  2.0358744 ]]
[H]pc_4:
[[ 4.15188779 -1.993182   -1.46961599 -0.68908979]
 [-1.993182    2.76321729 -0.08294668 -0.6870886 ]
 [-1.46961599 -0.08294668  0.86434638  0.68821629]
 [-0.68908979 -0.6870886   0.68821629  0.68796211]]
[H]pc_5:
[[ 3.48399608 -0.20297206 -3.48399608  0.20297206]
 [-0.20297206  1.76172106  0.20297206 -1.76172106]
 [-3.48399608  0.20297206  3.48399608 -0.20297206]
 [ 0.20297206 -1.76172106 -0.20297206  1.76172106]]
[H]pc_6:
[[ 0.99459611  0.7471791  -1.8448426   0.10306739]
 [ 0.7471791   0.68296317 -0.96785664 -0.46228564]
 [-1.8448426  -0.96785664  4.85859758 -2.04589833]
 [ 0.10306739 -0.46228564 -2.04589833  2.40511659]]
[H]pc_7:
[[ 1.70881486 -1.01441968 -0.82324337  0.12884819]
 [-1.01441968  2.316608   -1.00794052 -0.2942478 ]
 [-0.82324337 -1.00794052  1.70315866  0.12802523]
 [ 0.12884819 -0.2942478   0.12802523  0.03737437]]
[H]pc_8:
[[ 0.99032248 -0.04586096 -1.72189923  0.77743771]
 [-0.04586096  2.4068927  -1.78298636 -0.57804538]
 [-1.72189923 -1.78298636  4.43677193 -0.93188634]
 [ 0.77743771 -0.57804538 -0.93188634  0.73249401]]
[H]pc_9:
[[ 0.07728242  0.26982361 -0.60844321  0.26133718]
 [ 0.26982361  1.55363665 -2.12431676  0.3008565 ]
 [-0.60844321 -2.12431676  4.79026325 -2.05750328]
 [ 0.26133718  0.3008565  -2.05750328  1.4953096 ]]


Boundary condition matrix H_bc:
[[3.20377257 1.60188628 0.         0.        ]
 [1.60188628 3.20377257 0.         0.        ]
 [0.         0.         0.         0.        ]
 [0.         0.         0.         0.        ]]


________________________________________________________
Element ID: 3
________________________________________________________

Local H matrix:
[[ 21.14736132  -5.51560268 -12.34792383  -3.2838348 ]
 [ -5.51560268  16.24417643  -5.51560362  -5.21297013]
 [-12.34792383  -5.51560362  21.14736141  -3.28383396]
 [ -3.2838348   -5.21297013  -3.28383396  11.7806389 ]]


Local C matrix:
[[417.1450592  195.34765972 104.28626453 221.79739895]
 [195.34765972 364.24557969 195.34765919 104.28626453]
 [104.28626453 195.34765919 417.14505708 221.79739841]
 [221.79739895 104.28626453 221.79739841 470.04453658]]


Local p vector:
[4077.736542  8155.4729202 4077.7363782    0.       ]


Local H matrix (after adding H_bc):
[[ 23.41277051  -4.38289809 -12.34792383  -3.2838348 ]
 [ -4.38289809  20.77499472  -4.38289907  -5.21297013]
 [-12.34792383  -4.38289907  23.4127705   -3.28383396]
 [ -3.2838348   -5.21297013  -3.28383396  11.7806389 ]]


Individual H matrices for each integration point:
[H]pc_1:
[[ 4.06956515 -2.22685557 -0.51690255 -1.32580703]
 [-2.22685557  1.93841168  0.28284774  0.00559615]
 [-0.51690255  0.28284774  0.06565523  0.16839957]
 [-1.32580703  0.00559615  0.16839957  1.15181131]]
[H]pc_2:
[[ 4.31199354 -1.10903123 -1.8309896  -1.37197271]
 [-1.10903123  0.83753534  0.89873142 -0.62723554]
 [-1.8309896   0.89873142  1.10886552 -0.17660734]
 [-1.37197271 -0.62723554 -0.17660734  2.17581558]]
[H]pc_3:
[[ 1.9071372   0.10505091 -1.18512402 -0.8270641 ]
 [ 0.10505091  0.03056923  0.1050509  -0.24067104]
 [-1.18512402  0.1050509   1.9071371  -0.82706398]
 [-0.8270641  -0.24067104 -0.82706398  1.89479912]]
[H]pc_4:
[[ 4.00159122 -2.12131337 -1.32899435 -0.5512835 ]
 [-2.12131337  2.9987481  -0.11355082 -0.7638839 ]
 [-1.32899435 -0.11355082  0.79846337  0.6440818 ]
 [-0.5512835  -0.7638839   0.6440818   0.67108559]]
[H]pc_5:
[[ 3.30817631e+00  8.66057852e-08 -3.30817631e+00 -8.66057852e-08]
 [ 8.66057852e-08  1.84289803e+00 -8.66057852e-08 -1.84289803e+00]
 [-3.30817631e+00 -8.66057852e-08  3.30817631e+00  8.66057852e-08]
 [-8.66057852e-08 -1.84289803e+00  8.66057852e-08  1.84289803e+00]]
[H]pc_6:
[[ 1.10886557  0.89873148 -1.83098964 -0.17660742]
 [ 0.89873148  0.8375354  -1.1090313  -0.62723558]
 [-1.83098964 -1.1090313   4.31199344 -1.37197251]
 [-0.17660742 -0.62723558 -1.37197251  2.1758155 ]]
[H]pc_7:
[[ 1.57591377 -1.231482   -0.50085049  0.15641872]
 [-1.231482    2.82131858 -1.23148213 -0.35835445]
 [-0.50085049 -1.23148213  1.57591389  0.15641874]
 [ 0.15641872 -0.35835445  0.15641874  0.04551698]]
[H]pc_8:
[[ 0.79846332 -0.11355075 -1.32899432  0.64408175]
 [-0.11355075  2.99874826 -2.12131363 -0.76388388]
 [-1.32899432 -2.12131363  4.00159136 -0.55128342]
 [ 0.64408175 -0.76388388 -0.55128342  0.67108555]]
[H]pc_9:
[[ 0.06565523  0.28284776 -0.51690255  0.16839956]
 [ 0.28284776  1.93841182 -2.22685571  0.00559613]
 [-0.51690255 -2.22685571  4.06956518 -1.32580692]
 [ 0.16839956  0.00559613 -1.32580692  1.15181123]]


Boundary condition matrix H_bc:
[[2.26540919 1.13270459 0.         0.        ]
 [1.13270459 4.53081829 1.13270455 0.        ]
 [0.         1.13270455 2.2654091  0.        ]
 [0.         0.         0.         0.        ]]


________________________________________________________
Element ID: 4
________________________________________________________

Local H matrix:
[[ 20.96372306  -2.50119319 -13.2651926   -5.19733727]
 [ -2.50119319  12.66256392  -5.66663404  -4.49473669]
 [-13.2651926   -5.66663404  23.38612023  -4.45429358]
 [ -5.19733727  -4.49473669  -4.45429358  14.14636754]]


Local C matrix:
[[687.25723209 339.39166817 160.87925465 325.99545718]
 [339.39166817 670.3094406  317.52156143 160.87925465]
 [160.87925465 317.52156143 599.77680513 304.12535044]
 [325.99545718 160.87925465 304.12535044 616.72459662]]


Local p vector:
[5766.789618    0.          0.       5766.789618]


Local H matrix (after adding H_bc):
[[ 24.16749507  -2.50119319 -13.2651926   -3.59545127]
 [ -2.50119319  12.66256392  -5.66663404  -4.49473669]
 [-13.2651926   -5.66663404  23.38612023  -4.45429358]
 [ -3.59545127  -4.49473669  -4.45429358  17.35013955]]


Individual H matrices for each integration point:
[H]pc_1:
[[ 3.87754685 -1.41088223 -0.49251303 -1.9741516 ]
 [-1.41088223  1.2688939   0.17920554 -0.03721721]
 [-0.49251303  0.17920554  0.06255736  0.25075013]
 [-1.9741516  -0.03721721  0.25075013  1.76061868]]
[H]pc_2:
[[ 4.15188842 -0.68908959 -1.46961598 -1.99318285]
 [-0.68908959  0.68796193  0.68821611 -0.68708846]
 [-1.46961598  0.68821611  0.86434624 -0.08294638]
 [-1.99318285 -0.68708846 -0.08294638  2.76321768]]
[H]pc_3:
[[ 1.70881522  0.12884825 -0.82324337 -1.01442009]
 [ 0.12884825  0.03737437  0.12802518 -0.2942478 ]
 [-0.82324337  0.12802518  1.7031583  -1.00794011]
 [-1.01442009 -0.2942478  -1.00794011  2.316608  ]]
[H]pc_4:
[[ 4.04709718 -1.24774669 -1.73594192 -1.06340857]
 [-1.24774669  2.23781763 -0.27367311 -0.71639783]
 [-1.73594192 -0.27367311  1.09767376  0.91194127]
 [-1.06340857 -0.71639783  0.91194127  0.86786513]]
[H]pc_5:
[[ 3.4839963   0.20297257 -3.4839963  -0.20297257]
 [ 0.20297257  1.76172101 -0.20297257 -1.76172101]
 [-3.4839963  -0.20297257  3.4839963   0.20297257]
 [-0.20297257 -1.76172101  0.20297257  1.76172101]]
[H]pc_6:
[[ 0.99032263  0.77743787 -1.72189934 -0.04586117]
 [ 0.77743787  0.73249416 -0.93188657 -0.57804546]
 [-1.72189934 -0.93188657  4.43677164 -1.78298572]
 [-0.04586117 -0.57804546 -1.78298572  2.40689235]]
[H]pc_7:
[[ 1.63217799 -0.6271382  -1.08469679  0.079657  ]
 [-0.6271382   2.03587428 -1.15014614 -0.25858994]
 [-1.08469679 -1.15014614  2.08875522  0.14608771]
 [ 0.079657   -0.25858994  0.14608771  0.03284523]]
[H]pc_8:
[[ 0.99459605  0.10306762 -1.84484266  0.747179  ]
 [ 0.10306762  2.4051168  -2.04589891 -0.4622855 ]
 [-1.84484266 -2.04589891  4.85859813 -0.96785655]
 [ 0.747179   -0.4622855  -0.96785655  0.68296306]]
[H]pc_9:
[[ 0.07728242  0.26133722 -0.60844321  0.26982357]
 [ 0.26133722  1.49530984 -2.05750357  0.30085651]
 [-0.60844321 -2.05750357  4.79026329 -2.1243165 ]
 [ 0.26982357  0.30085651 -2.1243165   1.55363642]]


Boundary condition matrix H_bc:
[[3.20377201 0.         0.         1.601886  ]
 [0.         0.         0.         0.        ]
 [0.         0.         0.         0.        ]
 [1.601886   0.         0.         3.20377201]]


________________________________________________________
Element ID: 5
________________________________________________________

Local H matrix:
[[ 24.43980717  -4.61747587 -15.2048546   -4.6174767 ]
 [ -4.61747587  12.49999981  -4.61747545  -3.26504849]
 [-15.2048546   -4.61747545  24.43980512  -4.61747507]
 [ -4.6174767   -3.26504849  -4.61747507  12.50000025]]


Local C matrix:
[[590.73508105 295.3675505  147.68377846 295.36754693]
 [295.3675505  590.73512097 295.36756689 147.68377846]
 [147.68377846 295.36756689 590.73514661 295.36756332]
 [295.36754693 147.68377846 295.36756332 590.73510669]]


Local p vector:
[0. 0. 0. 0.]


Local H matrix (after adding H_bc):
[[ 24.43980717  -4.61747587 -15.2048546   -4.6174767 ]
 [ -4.61747587  12.49999981  -4.61747545  -3.26504849]
 [-15.2048546   -4.61747545  24.43980512  -4.61747507]
 [ -4.6174767   -3.26504849  -4.61747507  12.50000025]]


Individual H matrices for each integration point:
[H]pc_1:
[[ 4.81669415 -2.10244679 -0.61180037 -2.10244698]
 [-2.10244679  1.52591989  0.26704576  0.30948115]
 [-0.61180037  0.26704576  0.07770884  0.26704578]
 [-2.10244698  0.30948115  0.26704578  1.52592005]]
[H]pc_2:
[[ 4.85584837 -1.08395001 -1.93414846 -1.8377499 ]
 [-1.08395001  0.73240432  0.81164389 -0.46009821]
 [-1.93414846  0.81164389  1.06466016  0.05784441]
 [-1.8377499  -0.46009821  0.05784441  2.2400037 ]]
[H]pc_3:
[[ 1.89443257  0.10619311 -1.16456909 -0.8360566 ]
 [ 0.10619311  0.0309016   0.10619308 -0.24328779]
 [-1.16456909  0.10619308  1.89443234 -0.83605633]
 [-0.8360566  -0.24328779 -0.83605633  1.91540072]]
[H]pc_4:
[[ 4.85584832 -1.83774966 -1.93414854 -1.08395012]
 [-1.83774966  2.24000354  0.05784434 -0.46009822]
 [-1.93414854  0.05784434  1.06466023  0.81164396]
 [-1.08395012 -0.46009822  0.81164396  0.73240438]]
[H]pc_5:
[[ 3.91552205e+00  5.96932069e-08 -3.91552205e+00 -5.96932069e-08]
 [ 5.96932069e-08  1.55704183e+00 -5.96932069e-08 -1.55704183e+00]
 [-3.91552205e+00 -5.96932069e-08  3.91552205e+00  5.96932069e-08]
 [-5.96932069e-08 -1.55704183e+00  5.96932069e-08  1.55704183e+00]]
[H]pc_6:
[[ 1.06466017  0.81164395 -1.93414832  0.0578442 ]
 [ 0.81164395  0.7324044  -1.08394999 -0.46009836]
 [-1.93414832 -1.08394999  4.85584781 -1.8377495 ]
 [ 0.0578442  -0.46009836 -1.8377495   2.24000366]]
[H]pc_7:
[[ 1.89443255 -0.83605649 -1.16456916  0.1061931 ]
 [-0.83605649  1.91540065 -0.83605638 -0.24328778]
 [-1.16456916 -0.83605638  1.89443246  0.10619308]
 [ 0.1061931  -0.24328778  0.10619308  0.0309016 ]]
[H]pc_8:
[[ 1.06466017  0.05784424 -1.93414835  0.81164394]
 [ 0.05784424  2.24000366 -1.83774958 -0.46009833]
 [-1.93414835 -1.83774958  4.85584792 -1.08394999]
 [ 0.81164394 -0.46009833 -1.08394999  0.73240439]]
[H]pc_9:
[[ 0.07770882  0.26704572 -0.61180027  0.26704572]
 [ 0.26704572  1.52591991 -2.10244652  0.30948088]
 [-0.61180027 -2.10244652  4.81669332 -2.10244653]
 [ 0.26704572  0.30948088 -2.10244653  1.52591993]]


Boundary condition matrix H_bc:
[[0. 0. 0. 0.]
 [0. 0. 0. 0.]
 [0. 0. 0. 0.]
 [0. 0. 0. 0.]]


________________________________________________________
Element ID: 6
________________________________________________________

Local H matrix:
[[ 23.38611913  -4.45429558 -13.26519201  -5.66663154]
 [ -4.45429558  14.14636736  -5.19733492  -4.49473685]
 [-13.26519201  -5.19733492  20.96372253  -2.50119561]
 [ -5.66663154  -4.49473685  -2.50119561  12.662564  ]]


Local C matrix:
[[599.77684768 304.12537066 160.8792636  317.52158037]
 [304.12537066 616.72463497 325.99547401 160.8792636 ]
 [160.8792636  325.99547401 687.25726109 339.39168372]
 [317.52158037 160.8792636  339.39168372 670.3094738 ]]


Local p vector:
[   0.       5766.790284 5766.790284    0.      ]


Local H matrix (after adding H_bc):
[[ 23.38611913  -4.45429558 -13.26519201  -5.66663154]
 [ -4.45429558  17.35013974  -3.59544873  -4.49473685]
 [-13.26519201  -3.59544873  24.16749491  -2.50119561]
 [ -5.66663154  -4.49473685  -2.50119561  12.662564  ]]


Individual H matrices for each integration point:
[H]pc_1:
[[ 4.79026299 -2.12431666 -0.60844318 -2.05750316]
 [-2.12431666  1.55363665  0.26982359  0.30085641]
 [-0.60844318  0.26982359  0.07728242  0.26133717]
 [-2.05750316  0.30085641  0.26133717  1.49530958]]
[H]pc_2:
[[ 4.85859751 -0.96785665 -1.8448426  -2.04589826]
 [-0.96785665  0.68296318  0.74717912 -0.46228565]
 [-1.8448426   0.74717912  0.99459612  0.10306736]
 [-2.04589826 -0.46228565  0.10306736  2.40511655]]
[H]pc_3:
[[ 2.08875481  0.14608767 -1.08469667 -1.15014581]
 [ 0.14608767  0.03284523  0.07965704 -0.25858994]
 [-1.08469667  0.07965704  1.63217819 -0.62713856]
 [-1.15014581 -0.25858994 -0.62713856  2.03587432]]
[H]pc_4:
[[ 4.43677179 -1.78298625 -1.7218992  -0.93188635]
 [-1.78298625  2.40689269 -0.04586102 -0.57804542]
 [-1.7218992  -0.04586102  0.99032249  0.77743773]
 [-0.93188635 -0.57804542  0.77743773  0.73249404]]
[H]pc_5:
[[ 3.48399617  0.2029721  -3.48399617 -0.2029721 ]
 [ 0.2029721   1.76172102 -0.2029721  -1.76172102]
 [-3.48399617 -0.2029721   3.48399617  0.2029721 ]
 [-0.2029721  -1.76172102  0.2029721   1.76172102]]
[H]pc_6:
[[ 1.09767357  0.91194108 -1.73594174 -0.27367291]
 [ 0.91194108  0.86786496 -1.0634083  -0.71639773]
 [-1.73594174 -1.0634083   4.04709731 -1.24774728]
 [-0.27367291 -0.71639773 -1.24774728  2.23781792]]
[H]pc_7:
[[ 1.70315856 -1.00794039 -0.82324338  0.12802522]
 [-1.00794039  2.31660799 -1.0144198  -0.2942478 ]
 [-0.82324338 -1.0144198   1.70881497  0.12884821]
 [ 0.12802522 -0.2942478   0.12884821  0.03737437]]
[H]pc_8:
[[ 0.86434637 -0.08294656 -1.46961606  0.68821625]
 [-0.08294656  2.76321731 -1.99318223 -0.68708852]
 [-1.46961606 -1.99318223  4.15188808 -0.68908979]
 [ 0.68821625 -0.68708852 -0.68908979  0.68796206]]
[H]pc_9:
[[ 0.06255736  0.25075008 -0.49251302  0.17920558]
 [ 0.25075008  1.76061833 -1.97415122 -0.03721719]
 [-0.49251302 -1.97415122  3.87754678 -1.41088254]
 [ 0.17920558 -0.03721719 -1.41088254  1.26889415]]


Boundary condition matrix H_bc:
[[0.         0.         0.         0.        ]
 [0.         3.20377238 1.60188619 0.        ]
 [0.         1.60188619 3.20377238 0.        ]
 [0.         0.         0.         0.        ]]


________________________________________________________
Element ID: 7
________________________________________________________

Local H matrix:
[[ 21.14736091  -3.28383467 -12.34792347  -5.51560277]
 [ -3.28383467  11.78063921  -3.2838342   -5.21297035]
 [-12.34792347  -3.2838342   21.14736095  -5.51560328]
 [ -5.51560277  -5.21297035  -5.51560328  16.2441764 ]]


Local C matrix:
[[417.14512641 221.7974339  104.28628146 195.34769222]
 [221.7974339  470.04460919 221.79743361 104.28628146]
 [104.28628146 221.79743361 417.14512524 195.34769193]
 [195.34769222 104.28628146 195.34769193 364.24564247]]


Local p vector:
[4077.736884    0.       4077.736794 8155.473678]


Local H matrix (after adding H_bc):
[[ 23.41277029  -3.28383467 -12.34792347  -4.38289808]
 [ -3.28383467  11.78063921  -3.2838342   -5.21297035]
 [-12.34792347  -3.2838342   23.41277028  -4.38289862]
 [ -4.38289808  -5.21297035  -4.38289862  20.77499511]]


Individual H matrices for each integration point:
[H]pc_1:
[[ 4.06956506 -1.325807   -0.51690254 -2.22685552]
 [-1.325807    1.15181132  0.16839957  0.00559612]
 [-0.51690254  0.16839957  0.06565523  0.28284774]
 [-2.22685552  0.00559612  0.28284774  1.93841167]]
[H]pc_2:
[[ 4.00159118 -0.55128347 -1.32899432 -2.12131339]
 [-0.55128347  0.67108559  0.6440818  -0.76388392]
 [-1.32899432  0.6440818   0.79846336 -0.11355084]
 [-2.12131339 -0.76388392 -0.11355084  2.99874814]]
[H]pc_3:
[[ 1.57591379  0.15641873 -0.50085048 -1.23148204]
 [ 0.15641873  0.04551698  0.15641874 -0.35835445]
 [-0.50085048  0.15641874  1.57591386 -1.23148211]
 [-1.23148204 -0.35835445 -1.23148211  2.8213186 ]]
[H]pc_4:
[[ 4.31199341 -1.37197268 -1.83098954 -1.10903119]
 [-1.37197268  2.17581563 -0.17660737 -0.62723557]
 [-1.83098954 -0.17660737  1.1088655   0.89873141]
 [-1.10903119 -0.62723557  0.89873141  0.83753535]]
[H]pc_5:
[[ 3.30817624e+00 -4.75855920e-08 -3.30817624e+00  4.75855920e-08]
 [-4.75855920e-08  1.84289807e+00  4.75855920e-08 -1.84289807e+00]
 [-3.30817624e+00  4.75855920e-08  3.30817624e+00 -4.75855920e-08]
 [ 4.75855920e-08 -1.84289807e+00 -4.75855920e-08  1.84289807e+00]]
[H]pc_6:
[[ 0.79846333  0.64408177 -1.3289943  -0.1135508 ]
 [ 0.64408177  0.67108557 -0.55128343 -0.76388391]
 [-1.3289943  -0.55128343  4.00159125 -2.12131352]
 [-0.1135508  -0.76388391 -2.12131352  2.99874823]]
[H]pc_7:
[[ 1.90713714 -0.8270641  -1.18512395  0.10505091]
 [-0.8270641   1.89479919 -0.82706404 -0.24067105]
 [-1.18512395 -0.82706404  1.90713708  0.10505091]
 [ 0.10505091 -0.24067105  0.10505091  0.03056923]]
[H]pc_8:
[[ 1.10886553 -0.17660742 -1.83098956  0.89873145]
 [-0.17660742  2.17581558 -1.37197257 -0.6272356 ]
 [-1.83098956 -1.37197257  4.31199336 -1.10903123]
 [ 0.89873145 -0.6272356  -1.10903123  0.83753538]]
[H]pc_9:
[[ 0.06565523  0.16839956 -0.51690254  0.28284775]
 [ 0.16839956  1.15181127 -1.32580694  0.00559611]
 [-0.51690254 -1.32580694  4.06956507 -2.22685559]
 [ 0.28284775  0.00559611 -2.22685559  1.93841174]]


Boundary condition matrix H_bc:
[[2.26540938 0.         0.         1.13270469]
 [0.         0.         0.         0.        ]
 [0.         0.         2.26540933 1.13270467]
 [1.13270469 0.         1.13270467 4.53081871]]


________________________________________________________
Element ID: 8
________________________________________________________

Local H matrix:
[[ 23.38611801  -5.66663182 -13.26519139  -4.4542948 ]
 [ -5.66663182  12.66256451  -2.50119543  -4.49473726]
 [-13.26519139  -2.50119543  20.96372217  -5.19733535]
 [ -4.4542948   -4.49473726  -5.19733535  14.14636741]]


Local C matrix:
[[599.77688204 317.52159293 160.87926932 304.12538673]
 [317.52159293 670.30948969 339.39169056 160.87926932]
 [160.87926932 339.39169056 687.25727254 325.99548436]
 [304.12538673 160.87926932 325.99548436 616.72466488]]


Local p vector:
[   0.          0.       5766.790284 5766.790284]


Local H matrix (after adding H_bc):
[[ 23.38611801  -5.66663182 -13.26519139  -4.4542948 ]
 [ -5.66663182  12.66256451  -2.50119543  -4.49473726]
 [-13.26519139  -2.50119543  24.16749455  -3.59544916]
 [ -4.4542948   -4.49473726  -3.59544916  17.35013979]]


Individual H matrices for each integration point:
[H]pc_1:
[[ 4.79026265 -2.05750313 -0.60844313 -2.12431639]
 [-2.05750313  1.49530966  0.26133716  0.30085631]
 [-0.60844313  0.26133716  0.07728241  0.26982356]
 [-2.12431639  0.30085631  0.26982356  1.55363652]]
[H]pc_2:
[[ 4.43677151 -0.93188634 -1.72189913 -1.78298604]
 [-0.93188634  0.73249408  0.77743776 -0.5780455 ]
 [-1.72189913  0.77743776  0.9903225  -0.04586113]
 [-1.78298604 -0.5780455  -0.04586113  2.40689267]]
[H]pc_3:
[[ 1.70315846  0.12802521 -0.82324334 -1.00794032]
 [ 0.12802521  0.03737437  0.12884822 -0.2942478 ]
 [-0.82324334  0.12884822  1.70881503 -1.01441991]
 [-1.00794032 -0.2942478  -1.01441991  2.31660804]]
[H]pc_4:
[[ 4.85859731 -2.04589834 -1.84484245 -0.96785652]
 [-2.04589834  2.40511672  0.10306733 -0.46228571]
 [-1.84484245  0.10306733  0.99459605  0.74717907]
 [-0.96785652 -0.46228571  0.74717907  0.68296316]]
[H]pc_5:
[[ 3.48399605 -0.20297218 -3.48399605  0.20297218]
 [-0.20297218  1.76172109  0.20297218 -1.76172109]
 [-3.48399605  0.20297218  3.48399605 -0.20297218]
 [ 0.20297218 -1.76172109 -0.20297218  1.76172109]]
[H]pc_6:
[[ 0.86434635  0.68821623 -1.46961602 -0.08294655]
 [ 0.68821623  0.68796204 -0.68908974 -0.68708853]
 [-1.46961602 -0.68908974  4.15188808 -1.99318232]
 [-0.08294655 -0.68708853 -1.99318232  2.76321739]]
[H]pc_7:
[[ 2.08875477 -1.15014589 -1.08469657  0.14608768]
 [-1.15014589  2.03587444 -0.62713859 -0.25858996]
 [-1.08469657 -0.62713859  1.63217811  0.07965705]
 [ 0.14608768 -0.25858996  0.07965705  0.03284523]]
[H]pc_8:
[[ 1.09767356 -0.27367295 -1.73594168  0.91194108]
 [-0.27367295  2.23781797 -1.24774724 -0.71639778]
 [-1.73594168 -1.24774724  4.04709718 -1.06340826]
 [ 0.91194108 -0.71639778 -1.06340826  0.86786497]]
[H]pc_9:
[[ 0.06255735  0.17920558 -0.49251301  0.25075008]
 [ 0.17920558  1.26889414 -1.41088252 -0.0372172 ]
 [-0.49251301 -1.41088252  3.87754675 -1.97415122]
 [ 0.25075008 -0.0372172  -1.97415122  1.76061834]]


Boundary condition matrix H_bc:
[[0.         0.         0.         0.        ]
 [0.         0.         0.         0.        ]
 [0.         0.         3.20377238 1.60188619]
 [0.         0.         1.60188619 3.20377238]]


________________________________________________________
Element ID: 9
________________________________________________________

Local H matrix:
[[ 21.28005898  -5.16445566 -10.95114765  -5.16445566]
 [ -5.16445566  14.66316396  -3.40951475  -6.08919354]
 [-10.95114765  -3.40951475  17.77017716  -3.40951475]
 [ -5.16445566  -6.08919354  -3.40951475  14.66316396]]


Local C matrix:
[[ 927.98758277  490.44353119  258.4466355   490.44353119]
 [ 490.44353119 1033.78654201  543.34301082  258.4466355 ]
 [ 258.4466355   543.34301082 1139.58550126  543.34301082]
 [ 490.44353119  258.4466355   543.34301082 1033.78654201]]


Local p vector:
[    0.        8155.473102 16310.946204  8155.473102]


Local H matrix (after adding H_bc):
[[ 21.28005898  -5.16445566 -10.95114765  -5.16445566]
 [ -5.16445566  19.19398235  -1.14410556  -6.08919354]
 [-10.95114765  -1.14410556  26.83181394  -1.14410556]
 [ -5.16445566  -6.08919354  -1.14410556  19.19398235]]


Individual H matrices for each integration point:
[H]pc_1:
[[ 4.3485722  -1.89811556 -0.55234109 -1.89811556]
 [-1.89811556  1.50220561  0.24109229  0.15481766]
 [-0.55234109  0.24109229  0.07015652  0.24109229]
 [-1.89811556  0.15481766  0.24109229  1.50220561]]
[H]pc_2:
[[ 4.18890425 -0.73861043 -1.51631815 -1.93397566]
 [-0.73861043  0.6987608   0.70774304 -0.66789341]
 [-1.51631815  0.70774304  0.88999857 -0.08142346]
 [-1.93397566 -0.66789341 -0.08142346  2.68329253]]
[H]pc_3:
[[ 1.85907779  0.16839957 -0.70167038 -1.32580697]
 [ 0.16839957  0.04067739  0.11117547 -0.32025243]
 [-0.70167038  0.11117547  1.46577756 -0.87528265]
 [-1.32580697 -0.32025243 -0.87528265  2.52134205]]
[H]pc_4:
[[ 4.18890425 -1.93397566 -1.51631815 -0.73861043]
 [-1.93397566  2.68329253 -0.08142346 -0.66789341]
 [-1.51631815 -0.08142346  0.88999857  0.70774304]
 [-0.73861043 -0.66789341  0.70774304  0.6987608 ]]
[H]pc_5:
[[ 2.97452446  0.         -2.97452446  0.        ]
 [ 0.          2.04961556  0.         -2.04961556]
 [-2.97452446  0.          2.97452446  0.        ]
 [ 0.         -2.04961556  0.          2.04961556]]
[H]pc_6:
[[ 0.90502173  0.79195649 -1.29356949 -0.40340874]
 [ 0.79195649  0.82671052 -0.67252458 -0.94614243]
 [-1.29356949 -0.67252458  3.42778515 -1.46169108]
 [-0.40340874 -0.94614243 -1.46169108  2.81124225]]
[H]pc_7:
[[ 1.85907779 -1.32580697 -0.70167038  0.16839957]
 [-1.32580697  2.52134205 -0.87528265 -0.32025243]
 [-0.70167038 -0.87528265  1.46577756  0.11117547]
 [ 0.16839957 -0.32025243  0.11117547  0.04067739]]
[H]pc_8:
[[ 0.90502173 -0.40340874 -1.29356949  0.79195649]
 [-0.40340874  2.81124225 -1.46169108 -0.94614243]
 [-1.29356949 -1.46169108  3.42778515 -0.67252458]
 [ 0.79195649 -0.94614243 -0.67252458  0.82671052]]
[H]pc_9:
[[ 0.05095477  0.17510564 -0.40116605  0.17510564]
 [ 0.17510564  1.52931726 -1.37860379 -0.32581911]
 [-0.40116605 -1.37860379  3.15837363 -1.37860379]
 [ 0.17510564 -0.32581911 -1.37860379  1.52931726]]


Boundary condition matrix H_bc:
[[0.         0.         0.         0.        ]
 [0.         4.53081839 2.26540919 0.        ]
 [0.         2.26540919 9.06163678 2.26540919]
 [0.         0.         2.26540919 4.53081839]]


Global H matrix:
26.83181 -1.14411 0.00000 0.00000 -1.14411 -10.95115 0.00000 0.00000 0.00000 0.00000 0.00000 0.00000 0.00000 0.00000 0.00000 0.00000
-1.14411 43.36148 -3.59545 0.00000 -6.08919 -7.66565 -13.26519 0.00000 0.00000 0.00000 0.00000 0.00000 0.00000 0.00000 0.00000 0.00000
0.00000 -3.59545 40.76291 -4.38290 0.00000 -4.49474 -7.73813 -12.34792 0.00000 0.00000 0.00000 0.00000 0.00000 0.00000 0.00000 0.00000
0.00000 0.00000 -4.38290 20.77499 0.00000 0.00000 -5.21297 -4.38290 0.00000 0.00000 0.00000 0.00000 0.00000 0.00000 0.00000 0.00000
-1.14411 -6.08919 0.00000 0.00000 43.36148 -7.66565 0.00000 0.00000 -3.59545 -13.26519 0.00000 0.00000 0.00000 0.00000 0.00000 0.00000
-10.95115 -7.66565 -4.49474 0.00000 -7.66565 71.04499 -10.28411 0.00000 -4.49474 -10.28411 -15.20485 0.00000 0.00000 0.00000 0.00000 0.00000
0.00000 -13.26519 -7.73813 -5.21297 0.00000 -10.28411 71.05288 -7.73813 0.00000 -3.26505 -10.28411 -13.26519 0.00000 0.00000 0.00000 0.00000
0.00000 0.00000 -12.34792 -4.38290 0.00000 0.00000 -7.73813 40.76291 0.00000 0.00000 -4.49474 -3.59545 0.00000 0.00000 0.00000 0.00000
0.00000 0.00000 0.00000 0.00000 -3.59545 -4.49474 0.00000 0.00000 40.76291 -7.73813 0.00000 0.00000 -4.38290 -12.34792 0.00000 0.00000
0.00000 0.00000 0.00000 0.00000 -13.26519 -10.28411 -3.26505 0.00000 -7.73813 71.05288 -10.28411 0.00000 -5.21297 -7.73813 -13.26519 0.00000
0.00000 0.00000 0.00000 0.00000 0.00000 -15.20485 -10.28411 -4.49474 0.00000 -10.28411 71.04499 -7.66565 0.00000 -4.49474 -7.66565 -10.95115
0.00000 0.00000 0.00000 0.00000 0.00000 0.00000 -13.26519 -3.59545 0.00000 0.00000 -7.66565 43.36148 0.00000 0.00000 -6.08919 -1.14411
0.00000 0.00000 0.00000 0.00000 0.00000 0.00000 0.00000 0.00000 -4.38290 -5.21297 0.00000 0.00000 20.77500 -4.38290 0.00000 0.00000
0.00000 0.00000 0.00000 0.00000 0.00000 0.00000 0.00000 0.00000 -12.34792 -7.73813 -4.49474 0.00000 -4.38290 40.76291 -3.59545 0.00000
0.00000 0.00000 0.00000 0.00000 0.00000 0.00000 0.00000 0.00000 0.00000 -13.26519 -7.66565 -6.08919 0.00000 -3.59545 43.36148 -1.14411
0.00000 0.00000 0.00000 0.00000 0.00000 0.00000 0.00000 0.00000 0.00000 0.00000 -10.95115 -1.14411 0.00000 0.00000 -1.14411 26.83181

Global p vector:
16310.94627 13922.26364 9844.52717 8155.47292 13922.26288 0.00000 0.00000 9844.52666 9844.52650 0.00000 0.00000 13922.26339 8155.47368 9844.52708 13922.26339 16310.94620

Global C matrix:
1139.58554 543.34303 0.00000 0.00000 543.34304 258.44665 0.00000 0.00000 0.00000 0.00000 0.00000 0.00000 0.00000 0.00000 0.00000 0.00000
543.34303 1721.04387 325.99548 0.00000 258.44665 829.83525 160.87926 0.00000 0.00000 0.00000 0.00000 0.00000 0.00000 0.00000 0.00000 0.00000
0.00000 325.99548 1033.86970 195.34766 0.00000 160.87926 525.92276 104.28626 0.00000 0.00000 0.00000 0.00000 0.00000 0.00000 0.00000 0.00000
0.00000 0.00000 195.34766 364.24558 0.00000 0.00000 104.28626 195.34766 0.00000 0.00000 0.00000 0.00000 0.00000 0.00000 0.00000 0.00000
543.34304 258.44665 0.00000 0.00000 1721.04386 829.83524 0.00000 0.00000 325.99546 160.87925 0.00000 0.00000 0.00000 0.00000 0.00000 0.00000
258.44665 829.83525 160.87926 0.00000 829.83524 2859.34166 612.88912 0.00000 160.87925 612.88911 147.68378 0.00000 0.00000 0.00000 0.00000 0.00000
0.00000 160.87926 525.92276 104.28626 0.00000 612.88912 2260.33332 525.92277 0.00000 147.68378 612.88915 160.87926 0.00000 0.00000 0.00000 0.00000
0.00000 0.00000 104.28626 195.34766 0.00000 0.00000 525.92277 1033.86969 0.00000 0.00000 160.87926 325.99547 0.00000 0.00000 0.00000 0.00000
0.00000 0.00000 0.00000 0.00000 325.99546 160.87925 0.00000 0.00000 1033.86972 525.92278 0.00000 0.00000 195.34769 104.28628 0.00000 0.00000
0.00000 0.00000 0.00000 0.00000 160.87925 612.88911 147.68378 0.00000 525.92278 2260.33340 612.88916 0.00000 104.28628 525.92282 160.87927 0.00000
0.00000 0.00000 0.00000 0.00000 0.00000 147.68378 612.88915 160.87926 0.00000 612.88916 2859.34169 829.83521 0.00000 160.87927 829.83522 258.44664
0.00000 0.00000 0.00000 0.00000 0.00000 0.00000 160.87926 325.99547 0.00000 0.00000 829.83521 1721.04380 0.00000 0.00000 258.44664 543.34301
0.00000 0.00000 0.00000 0.00000 0.00000 0.00000 0.00000 0.00000 195.34769 104.28628 0.00000 0.00000 364.24564 195.34769 0.00000 0.00000
0.00000 0.00000 0.00000 0.00000 0.00000 0.00000 0.00000 0.00000 104.28628 525.92282 160.87927 0.00000 195.34769 1033.86979 325.99548 0.00000
0.00000 0.00000 0.00000 0.00000 0.00000 0.00000 0.00000 0.00000 0.00000 160.87927 829.83522 258.44664 0.00000 325.99548 1721.04381 543.34301
0.00000 0.00000 0.00000 0.00000 0.00000 0.00000 0.00000 0.00000 0.00000 0.00000 258.44664 543.34301 0.00000 0.00000 543.34301 1139.58550
Step 0/10
Temperatures at step 0:
349.20444 231.51142 270.04032 374.66834 231.51142 95.15905 122.21061 270.04032 270.04031 122.21060 95.15906 231.51142 374.66834 270.04031 231.51142 349.20444
Min temperature: 95.159050364667820
Max temperature: 374.668343896553495


Step 1/10
Temperatures at step 1:
488.55691 329.29197 381.08451 505.95431 329.29197 147.65587 186.87811 381.08451 381.08450 186.87810 147.65587 329.29197 505.95431 381.08450 329.29197 488.55692
Min temperature: 147.655865901987454
Max temperature: 505.954314277367075


Step 2/10
Temperatures at step 2:
577.72957 409.86822 463.39605 586.98945 409.86822 220.17808 262.50780 463.39605 463.39604 262.50779 220.17808 409.86823 586.98945 463.39605 409.86822 577.72957
Min temperature: 220.178076373431566
Max temperature: 586.989452611901697


Step 3/10
Temperatures at step 3:
642.99505 479.93780 530.92555 647.28013 479.93780 296.75083 338.04356 530.92556 530.92555 338.04355 296.75084 479.93780 647.28013 530.92555 479.93780 642.99505
Min temperature: 296.750828475385504
Max temperature: 647.280131128814560


Step 4/10
Temperatures at step 4:
695.76576 542.50955 589.67991 697.32988 542.50955 370.98260 409.68335 589.67992 589.67991 409.68334 370.98260 542.50955 697.32988 589.67991 542.50955 695.76576
Min temperature: 370.982596314411069
Max temperature: 697.329879061855081


Step 5/10
Temperatures at step 5:
741.07484 599.09571 642.28996 741.21566 599.09571 440.57397 476.26652 642.28997 642.28996 476.26650 440.57398 599.09571 741.21566 642.28996 599.09571 741.07484
Min temperature: 440.573968558141303
Max temperature: 741.215658086743815


Step 6/10
Temperatures at step 6:
781.24077 650.57336 690.00655 780.66532 650.57336 504.90433 537.61911 690.00655 690.00654 537.61910 504.90434 650.57336 780.66532 690.00654 650.57336 781.24077
Min temperature: 504.904333249990145
Max temperature: 781.240768253428314


Step 7/10
Temperatures at step 7:
817.42043 697.53496 733.51922 816.50784 697.53496 564.01388 593.93498 733.51922 733.51921 593.93497 564.01389 697.53496 816.50784 733.51921 697.53496 817.42043
Min temperature: 564.013884203508610
Max temperature: 817.420429694985046


Step 8/10
Temperatures at step 8:
850.26404 740.43413 773.28385 849.21619 740.43413 618.18546 645.53592 773.28386 773.28385 645.53591 618.18547 740.43413 849.21619 773.28385 740.43413 850.26403
Min temperature: 618.185460166039888
Max temperature: 850.264035375341450


Step 9/10
Temperatures at step 9:
880.19223 779.64795 809.65216 879.11553 779.64795 667.77640 692.77689 809.65216 809.65215 692.77688 667.77641 779.64795 879.11553 809.65215 779.64795 880.19223
Min temperature: 667.776403970432625
Max temperature: 880.192233390634897


