Global parameters:
{'SimulationTime': 500.0, 'SimulationStepTime': 50.0, 'Conductivity': 25.0, 'Alfa': 300.0, 'Tot': 1200.0, 'InitialTemp': 100.0, 'Density': 7800.0, 'SpecificHeat': 700.0, 'Nodes number': 16.0, 'Elements number': 9.0}

Nodes:
Node ID: 1, X: 0.100000001, Y: 0.00499999989
Node ID: 2, X: 0.0546918176, Y: 0.00499999989
Node ID: 3, X: 0.0226540919, Y: 0.00499999989
Node ID: 4, X: 0.0, Y: 0.00499999989
Node ID: 5, X: 0.100000001, Y: -0.0403081849
Node ID: 6, X: 0.0623899326, Y: -0.0326100662
Node ID: 7, X: 0.0303522106, Y: -0.0253522098
Node ID: 8, X: 0.0, Y: -0.0176540911
Node ID: 9, X: 0.100000001, Y: -0.072345905
Node ID: 10, X: 0.069647789, Y: -0.0646477863
Node ID: 11, X: 0.0376100652, Y: -0.0573899336
Node ID: 12, X: 0.0, Y: -0.0496918149
Node ID: 13, X: 0.100000001, Y: -0.0949999988
Node ID: 14, X: 0.0773459077, Y: -0.0949999988
Node ID: 15, X: 0.0453081839, Y: -0.0949999988
Node ID: 16, X: 0.0, Y: -0.0949999988

Elements:
Element ID: 1, Node IDs: [1, 2, 6, 5]
Element ID: 2, Node IDs: [2, 3, 7, 6]
Element ID: 3, Node IDs: [3, 4, 8, 7]
Element ID: 4, Node IDs: [5, 6, 10, 9]
Element ID: 5, Node IDs: [6, 7, 11, 10]
Element ID: 6, Node IDs: [7, 8, 12, 11]
Element ID: 7, Node IDs: [9, 10, 14, 13]
Element ID: 8, Node IDs: [10, 11, 15, 14]
Element ID: 9, Node IDs: [11, 12, 16, 15]

Boundary conditions:
[1, 2, 3, 4, 5, 8, 9, 12, 13, 14, 15, 16]
________________________________________________________
Element ID: 1
________________________________________________________

Local H matrix:
[[ 17.77019863  -3.4095424  -10.95111376  -3.40954247]
 [ -3.4095424   14.66319935  -5.16449737  -6.08915958]
 [-10.95111376  -5.16449737  21.28010764  -5.16449651]
 [ -3.40954247  -6.08915958  -5.16449651  14.66319856]]


Local C matrix:
[[1139.58553695  543.34302896  258.44665067  543.34304086]
 [ 543.34302896 1033.78657887  490.44356182  258.44665067]
 [ 258.44665067  490.44356182  927.9876684   490.44357372]
 [ 543.34304086  258.44665067  490.44357372 1033.78662648]]


Local p vector:
[16310.9462742  8155.473012      0.         8155.4732622]


Local H matrix (after adding H_bc):
[[ 26.83183545  -1.14413323 -10.95111376  -1.14413323]
 [ -1.14413323  19.19401769  -5.16449737  -6.08915958]
 [-10.95111376  -5.16449737  21.28010764  -5.16449651]
 [ -1.14413323  -6.08915958  -5.16449651  19.19401704]]


Individual H matrices for each integration point:
[H]pc_1:
[[ 1.34144212 -0.62067703 -0.1000881  -0.62067699]
 [-0.62067703  0.6563962   0.04631015 -0.08202932]
 [-0.1000881   0.04631015  0.0074678   0.04631015]
 [-0.62067699 -0.08202932  0.04631015  0.65639617]]
[H]pc_2:
[[ 1.97081635 -0.63738636 -0.45213482 -0.88129517]
 [-0.63738636  0.66400194  0.32430155 -0.35091714]
 [-0.45213482  0.32430155  0.17298496 -0.04515169]
 [-0.88129517 -0.35091714 -0.04515169  1.27736401]]
[H]pc_3:
[[ 1.41581183 -0.14550217 -0.56266571 -0.70764394]
 [-0.14550217  0.16958254  0.33922284 -0.36330321]
 [-0.56266571  0.33922284  0.73570656 -0.51226369]
 [-0.70764394 -0.36330321 -0.51226369  1.58321084]]
[H]pc_4:
[[ 0.60276259  0.02985209 -0.23251861 -0.40009607]
 [ 0.02985209  0.00605273  0.04521752 -0.08112234]
 [-0.23251861  0.04521752  0.79333398 -0.60603289]
 [-0.40009607 -0.08112234 -0.60603289  1.0872513 ]]
[H]pc_5:
[[ 1.97081633 -0.8812952  -0.4521348  -0.63738632]
 [-0.8812952   1.27736405 -0.0451517  -0.35091715]
 [-0.4521348  -0.0451517   0.17298496  0.32430154]
 [-0.63738632 -0.35091715  0.32430154  0.66400193]]
[H]pc_6:
[[ 2.68776845 -0.68194273 -1.323883   -0.68194272]
 [-0.68194273  1.35302463  0.33589664 -1.00697854]
 [-1.323883    0.33589664  0.65208973  0.33589663]
 [-0.68194272 -1.00697854  0.33589663  1.35302462]]
[H]pc_7:
[[ 1.68173267  0.19688733 -1.47889619 -0.39972381]
 [ 0.19688733  0.48059454  0.29822885 -0.97571072]
 [-1.47889619  0.29822885  1.78613632 -0.60546898]
 [-0.39972381 -0.97571072 -0.60546898  1.98090351]]
[H]pc_8:
[[ 0.63504815  0.27658061 -0.62606757 -0.28556119]
 [ 0.27658061  0.13571835 -0.14067593 -0.27162303]
 [-0.62606757 -0.14067593  1.7589059  -0.9921624 ]
 [-0.28556119 -0.27162303 -0.9921624   1.54934662]]
[H]pc_9:
[[ 1.41581177 -0.70764395 -0.56266566 -0.14550215]
 [-0.70764395  1.58321092 -0.51226373 -0.36330324]
 [-0.56266566 -0.51226373  0.73570655  0.33922284]
 [-0.14550215 -0.36330324  0.33922284  0.16958255]]
[H]pc_10:
[[ 1.6817326  -0.39972377 -1.47889614  0.19688731]
 [-0.39972377  1.98090357 -0.60546905 -0.97571075]
 [-1.47889614 -0.60546905  1.78613631  0.29822888]
 [ 0.19688731 -0.97571075  0.29822888  0.48059455]]
[H]pc_11:
[[ 0.74963298  0.38614197 -1.52191686  0.38614191]
 [ 0.38614197  1.22536303 -0.78395161 -0.82755339]
 [-1.52191686 -0.78395161  3.08981995 -0.78395148]
 [ 0.38614191 -0.82755339 -0.78395148  1.22536297]]
[H]pc_12:
[[ 0.18417426  0.3193022  -0.57886979  0.07539333]
 [ 0.3193022   0.60619085 -0.80610955 -0.1193835 ]
 [-0.57886979 -0.80610955  2.560542   -1.17556266]
 [ 0.07539333 -0.1193835  -1.17556266  1.21955284]]
[H]pc_13:
[[ 0.60276255 -0.40009608 -0.23251856  0.0298521 ]
 [-0.40009608  1.08725139 -0.60603296 -0.08112234]
 [-0.23251856 -0.60603296  0.793334    0.04521752]
 [ 0.0298521  -0.08112234  0.04521752  0.00605273]]
[H]pc_14:
[[ 0.6350481  -0.28556118 -0.62606751  0.27658059]
 [-0.28556118  1.54934674 -0.99216252 -0.27162304]
 [-0.62606751 -0.99216252  1.75890592 -0.14067589]
 [ 0.27658059 -0.27162304 -0.14067589  0.13571834]]
[H]pc_15:
[[ 0.18417424  0.07539334 -0.57886975  0.31930217]
 [ 0.07539334  1.21955297 -1.17556282 -0.1193835 ]
 [-0.57886975 -1.17556282  2.56054202 -0.80610945]
 [ 0.31930217 -0.1193835  -0.80610945  0.60619078]]
[H]pc_16:
[[ 0.01066364  0.06612852 -0.14292069  0.06612852]
 [ 0.06612852  0.6686449  -0.88629505  0.15152162]
 [-0.14292069 -0.88629505  1.91551067 -0.88629494]
 [ 0.06612852  0.15152162 -0.88629494  0.66864481]]


Boundary condition matrix H_bc:
[[9.06163682 2.26540917 0.         2.26540924]
 [2.26540917 4.53081834 0.         0.        ]
 [0.         0.         0.         0.        ]
 [2.26540924 0.         0.         4.53081848]]


________________________________________________________
Element ID: 2
________________________________________________________

Local H matrix:
[[ 20.96373694  -5.19735369 -13.26517115  -2.5012121 ]
 [ -5.19735369  14.14639183  -4.45432183  -4.4947163 ]
 [-13.26517115  -4.45432183  23.38614655  -5.66665357]
 [ -2.5012121   -4.4947163   -5.66665357  12.66258197]]


Local C matrix:
[[687.25729177 325.99548394 160.87926377 339.3916895 ]
 [325.99548394 616.72464397 304.1253656  160.87926377]
 [160.87926377 304.1253656  599.77681842 317.52157116]
 [339.3916895  160.87926377 317.52157116 670.30946621]]


Local p vector:
[5766.790626 5766.790626    0.          0.      ]


Local H matrix (after adding H_bc):
[[ 24.16750951  -3.59546741 -13.26517115  -2.5012121 ]
 [ -3.59546741  17.3501644   -4.45432183  -4.4947163 ]
 [-13.26517115  -4.45432183  23.38614655  -5.66665357]
 [ -2.5012121   -4.4947163   -5.66665357  12.66258197]]


Individual H matrices for each integration point:
[H]pc_1:
[[ 1.65446341 -0.88710468 -0.12344334 -0.64391538]
 [-0.88710468  0.77501397  0.06618893  0.04590178]
 [-0.12344334  0.06618893  0.00921039  0.04804402]
 [-0.64391538  0.04590178  0.04804402  0.54996959]]
[H]pc_2:
[[ 2.37057323 -0.93467968 -0.60918756 -0.82670599]
 [-0.93467968  0.74918193  0.38823921 -0.20274145]
 [-0.60918756  0.38823921  0.21412761  0.00682074]
 [-0.82670599 -0.20274145  0.00682074  1.0226267 ]]
[H]pc_3:
[[ 1.63535578 -0.25850517 -0.81450173 -0.56234888]
 [-0.25850517  0.17473324  0.37237129 -0.28859935]
 [-0.81450173  0.37237129  0.84901551 -0.40688506]
 [-0.56234888 -0.28859935 -0.40688506  1.2578333 ]]
[H]pc_4:
[[ 0.66493355  0.02169513 -0.39585721 -0.29077147]
 [ 0.02169513  0.00485445  0.03851275 -0.06506234]
 [-0.39585721  0.03851275  0.87351598 -0.51617151]
 [-0.29077147 -0.06506234 -0.51617151  0.87200532]]
[H]pc_5:
[[ 2.41578412 -1.23812246 -0.51001599 -0.66764567]
 [-1.23812246  1.35513595  0.05961307 -0.17662657]
 [-0.51001599  0.05961307  0.16417527  0.28622765]
 [-0.66764567 -0.17662657  0.28622765  0.55804459]]
[H]pc_6:
[[ 3.21844881 -1.03097928 -1.58527408 -0.60219544]
 [-1.03097928  1.31569261  0.50781753 -0.79253086]
 [-1.58527408  0.50781753  0.78084011  0.29661644]
 [-0.60219544 -0.79253086  0.29661644  1.09810986]]
[H]pc_7:
[[ 1.94378271  0.10668893 -1.83387007 -0.21660157]
 [ 0.10668893  0.40171642  0.30716576 -0.81557111]
 [-1.83387007  0.30716576  2.15031714 -0.62361284]
 [-0.21660157 -0.81557111 -0.62361284  1.65578552]]
[H]pc_8:
[[ 0.70160353  0.28894907 -0.83542274 -0.15512986]
 [ 0.28894907  0.1328135  -0.22458905 -0.19717353]
 [-0.83542274 -0.22458905  2.02815471 -0.96814292]
 [-0.15512986 -0.19717353 -0.96814292  1.32044631]]
[H]pc_9:
[[ 1.70011366 -0.90840946 -0.63778978 -0.15391443]
 [-0.90840946  1.50929699 -0.3200149  -0.28087263]
 [-0.63778978 -0.3200149   0.66572322  0.29208146]
 [-0.15391443 -0.28087263  0.29208146  0.1427056 ]]
[H]pc_10:
[[ 1.97061817 -0.53054463 -1.70139777  0.26132423]
 [-0.53054463  1.75226671 -0.35862834 -0.86309374]
 [-1.70139777 -0.35862834  1.8833807   0.17664541]
 [ 0.26132423 -0.86309374  0.17664541  0.42512409]]
[H]pc_11:
[[ 0.85651442  0.4058269  -1.73890929  0.47656796]
 [ 0.4058269   1.09065575 -0.82391626 -0.67256639]
 [-1.73890929 -0.82391626  3.53036145 -0.96753591]
 [ 0.47656796 -0.67256639 -0.96753591  1.16353433]]
[H]pc_12:
[[ 0.20424235  0.3449682  -0.67619466  0.12698411]
 [ 0.3449682   0.63010396 -0.96403066 -0.01104151]
 [-0.67619466 -0.96403066  2.90701176 -1.26678644]
 [ 0.12698411 -0.01104151 -1.26678644  1.15084384]]
[H]pc_13:
[[ 0.70246319 -0.46033321 -0.2764765   0.03434653]
 [-0.46033321  1.00672066 -0.4712737  -0.07511376]
 [-0.2764765  -0.4712737   0.71258738  0.03516282]
 [ 0.03434653 -0.07511376  0.03516282  0.00560441]]
[H]pc_14:
[[ 0.71435481 -0.29575464 -0.72708166  0.30848149]
 [-0.29575464  1.38563542 -0.83125882 -0.25862197]
 [-0.72708166 -0.83125882  1.75497817 -0.19663769]
 [ 0.30848149 -0.25862197 -0.19663769  0.14677816]]
[H]pc_15:
[[ 0.1988325   0.10498853 -0.643572    0.33975096]
 [ 0.10498853  1.15649442 -1.20922456 -0.0522584 ]
 [-0.643572   -1.20922456  2.7695704  -0.91677384]
 [ 0.33975096 -0.0522584  -0.91677384  0.62928128]]
[H]pc_16:
[[ 0.01165271  0.07396275 -0.15617676  0.07056131]
 [ 0.07396275  0.70607583 -0.99129409  0.21125551]
 [-0.15617676 -0.99129409  2.09317676 -0.9457059 ]
 [ 0.07056131  0.21125551 -0.9457059   0.66388908]]


Boundary condition matrix H_bc:
[[3.20377257 1.60188628 0.         0.        ]
 [1.60188628 3.20377257 0.         0.        ]
 [0.         0.         0.         0.        ]
 [0.         0.         0.         0.        ]]


________________________________________________________
Element ID: 3
________________________________________________________

Local H matrix:
[[ 21.14744597  -5.5157088  -12.34783918  -3.28389799]
 [ -5.5157088   16.24430947  -5.51570974  -5.21289093]
 [-12.34783918  -5.51570974  21.14744606  -3.28389714]
 [ -3.28389799  -5.21289093  -3.28389714  11.78068605]]


Local C matrix:
[[417.1450592  195.34765972 104.28626453 221.79739895]
 [195.34765972 364.24557969 195.34765919 104.28626453]
 [104.28626453 195.34765919 417.14505708 221.79739841]
 [221.79739895 104.28626453 221.79739841 470.04453658]]


Local p vector:
[4077.736542  8155.4729202 4077.7363782    0.       ]


Local H matrix (after adding H_bc):
[[ 23.41285516  -4.38300421 -12.34783918  -3.28389799]
 [ -4.38300421  20.77512776  -4.38300519  -5.21289093]
 [-12.34783918  -4.38300519  23.41285515  -3.28389714]
 [ -3.28389799  -5.21289093  -3.28389714  11.78068605]]


Individual H matrices for each integration point:
[H]pc_1:
[[ 1.75487493 -1.0179067  -0.13093528 -0.60603295]
 [-1.0179067   0.87266139  0.07594838  0.06929694]
 [-0.13093528  0.07594838  0.00976938  0.04521752]
 [-0.60603295  0.06929694  0.04521752  0.49151849]]
[H]pc_2:
[[ 2.50844352 -1.02228978 -0.65754917 -0.82860457]
 [-1.02228978  0.7763543   0.40788642 -0.16195093]
 [-0.65754917  0.40788642  0.22678071  0.02288204]
 [-0.82860457 -0.16195093  0.02288204  0.96767346]]
[H]pc_3:
[[ 1.81105668 -0.27028361 -0.87290273 -0.66787034]
 [-0.27028361  0.16122042  0.35025846 -0.24119527]
 [-0.87290273  0.35025846  0.82106128 -0.29841702]
 [-0.66787034 -0.24119527 -0.29841702  1.20748263]]
[H]pc_4:
[[ 0.78905253  0.02769943 -0.44550726 -0.3712447 ]
 [ 0.02769943  0.00446671  0.02769942 -0.05986556]
 [-0.44550726  0.02769942  0.78905249 -0.37124465]
 [-0.3712447  -0.05986556 -0.37124465  0.8023549 ]]
[H]pc_5:
[[ 2.43314753 -1.36103275 -0.48175628 -0.5903585 ]
 [-1.36103275  1.47676159  0.06914342 -0.18487227]
 [-0.48175628  0.06914342  0.15148478  0.26112808]
 [-0.5903585  -0.18487227  0.26112808  0.51410269]]
[H]pc_6:
[[ 3.19727171 -1.01695951 -1.57484313 -0.60546908]
 [-1.01695951  1.31542704  0.50091198 -0.79937951]
 [-1.57484313  0.50091198  0.77570226  0.2982289 ]
 [-0.60546908 -0.79937951  0.2982289   1.10661969]]
[H]pc_7:
[[ 2.03976459  0.20492032 -1.8286524  -0.41603251]
 [ 0.20492032  0.39782005  0.20492026 -0.80766063]
 [-1.8286524   0.20492026  2.03976453 -0.41603239]
 [-0.41603251 -0.80766063 -0.41603239  1.63972552]]
[H]pc_8:
[[ 0.82106133  0.35025849 -0.87290274 -0.29841707]
 [ 0.35025849  0.16122043 -0.27028363 -0.24119529]
 [-0.87290274 -0.27028363  1.81105661 -0.66787024]
 [-0.29841707 -0.24119529 -0.66787024  1.2074826 ]]
[H]pc_9:
[[ 1.60134114 -1.00563622 -0.50392852 -0.09177641]
 [-1.00563622  1.718605   -0.38509421 -0.32787457]
 [-0.50392852 -0.38509421  0.61134587  0.27767686]
 [-0.09177641 -0.32787457  0.27767686  0.14197412]]
[H]pc_10:
[[ 1.75259929 -0.49455023 -1.50164394  0.24359489]
 [-0.49455023  1.94919111 -0.49455036 -0.96009051]
 [-1.50164394 -0.49455036  1.75259936  0.24359495]
 [ 0.24359489 -0.96009051  0.24359495  0.47290067]]
[H]pc_11:
[[ 0.77570226  0.50091204 -1.57484313  0.29822884]
 [ 0.50091204  1.31542711 -1.01695964 -0.79937952]
 [-1.57484313 -1.01695964  3.19727172 -0.60546895]
 [ 0.29822884 -0.79937952 -0.60546895  1.10661964]]
[H]pc_12:
[[ 0.22678073  0.40788644 -0.65754919  0.02288202]
 [ 0.40788644  0.77635435 -1.02228984 -0.16195096]
 [-0.65754919 -1.02228984  2.5084435  -0.82860447]
 [ 0.02288202 -0.16195096 -0.82860447  0.9676734 ]]
[H]pc_13:
[[ 0.66374974 -0.57872436 -0.12820534  0.04317996]
 [-0.57872436  1.25077175 -0.57872442 -0.09332298]
 [-0.12820534 -0.57872442  0.66374979  0.04317997]
 [ 0.04317996 -0.09332298  0.04317997  0.00696304]]
[H]pc_14:
[[ 0.61134583 -0.38509416 -0.5039285   0.27767683]
 [-0.38509416  1.71860506 -1.00563634 -0.32787456]
 [-0.5039285  -1.00563634  1.60134123 -0.09177639]
 [ 0.27767683 -0.32787456 -0.09177639  0.14197411]]
[H]pc_15:
[[ 0.15148477  0.06914344 -0.48175627  0.26112806]
 [ 0.06914344  1.4767617  -1.36103287 -0.18487226]
 [-0.48175627 -1.36103287  2.43314759 -0.59035845]
 [ 0.26112806 -0.18487226 -0.59035845  0.51410265]]
[H]pc_16:
[[ 0.00976938  0.07594838 -0.13093528  0.04521752]
 [ 0.07594838  0.87266145 -1.01790676  0.06929693]
 [-0.13093528 -1.01790676  1.75487495 -0.6060329 ]
 [ 0.04521752  0.06929693 -0.6060329   0.49151846]]


Boundary condition matrix H_bc:
[[2.26540919 1.13270459 0.         0.        ]
 [1.13270459 4.53081829 1.13270455 0.        ]
 [0.         1.13270455 2.2654091  0.        ]
 [0.         0.         0.         0.        ]]


________________________________________________________
Element ID: 4
________________________________________________________

Local H matrix:
[[ 20.96373867  -2.50120975 -13.26517208  -5.19735684]
 [ -2.50120975  12.66258149  -5.66665581  -4.49471593]
 [-13.26517208  -5.66665581  23.3861472   -4.45431931]
 [ -5.19735684  -4.49471593  -4.45431931  14.14639207]]


Local C matrix:
[[687.25723209 339.39166817 160.87925465 325.99545718]
 [339.39166817 670.3094406  317.52156143 160.87925465]
 [160.87925465 317.52156143 599.77680513 304.12535044]
 [325.99545718 160.87925465 304.12535044 616.72459662]]


Local p vector:
[5766.789618    0.          0.       5766.789618]


Local H matrix (after adding H_bc):
[[ 24.16751068  -2.50120975 -13.26517208  -3.59547083]
 [ -2.50120975  12.66258149  -5.66665581  -4.49471593]
 [-13.26517208  -5.66665581  23.3861472   -4.45431931]
 [ -3.59547083  -4.49471593  -4.45431931  17.35016408]]


Individual H matrices for each integration point:
[H]pc_1:
[[ 1.6544636  -0.64391529 -0.12344336 -0.88710495]
 [-0.64391529  0.54996946  0.04804401  0.04590182]
 [-0.12344336  0.04804401  0.00921039  0.06618895]
 [-0.88710495  0.04590182  0.06618895  0.77501417]]
[H]pc_2:
[[ 2.41578445 -0.66764556 -0.51001598 -1.23812291]
 [-0.66764556  0.55804445  0.28622758 -0.17662647]
 [-0.51001598  0.28622758  0.16417524  0.05961316]
 [-1.23812291 -0.17662647  0.05961316  1.35513623]]
[H]pc_3:
[[ 1.70011398 -0.15391438 -0.63778975 -0.90840985]
 [-0.15391438  0.14270556  0.29208138 -0.28087257]
 [-0.63778975  0.29208138  0.66572308 -0.32001471]
 [-0.90840985 -0.28087257 -0.32001471  1.50929712]]
[H]pc_4:
[[ 0.70246334  0.03434654 -0.2764765  -0.46033338]
 [ 0.03434654  0.00560441  0.03516281 -0.07511376]
 [-0.2764765   0.03516281  0.71258722 -0.47127353]
 [-0.46033338 -0.07511376 -0.47127353  1.00672067]]
[H]pc_5:
[[ 2.37057338 -0.82670573 -0.60918769 -0.93467996]
 [-0.82670573  1.02262646  0.00682072 -0.20274144]
 [-0.60918769  0.00682072  0.21412766  0.3882393 ]
 [-0.93467996 -0.20274144  0.3882393   0.7491821 ]]
[H]pc_6:
[[ 3.21844908 -0.60219511 -1.58527422 -1.03097975]
 [-0.60219511  1.09810964  0.29661627 -0.79253081]
 [-1.58527422  0.29661627  0.78084018  0.50781777]
 [-1.03097975 -0.79253081  0.50781777  1.3156928 ]]
[H]pc_7:
[[ 1.97061844  0.26132442 -1.70139784 -0.53054502]
 [ 0.26132442  0.42512409  0.17664521 -0.86309372]
 [-1.70139784  0.17664521  1.88338056 -0.35862794]
 [-0.53054502 -0.86309372 -0.35862794  1.75226668]]
[H]pc_8:
[[ 0.71435494  0.30848156 -0.72708171 -0.29575479]
 [ 0.30848156  0.14677819 -0.19663774 -0.25862201]
 [-0.72708171 -0.19663774  1.75497793 -0.83125848]
 [-0.29575479 -0.25862201 -0.83125848  1.38563529]]
[H]pc_9:
[[ 1.63535575 -0.5623486  -0.81450189 -0.25850526]
 [-0.5623486   1.25783312 -0.40688515 -0.28859937]
 [-0.81450189 -0.40688515  0.84901568  0.37237136]
 [-0.25850526 -0.28859937  0.37237136  0.17473327]]
[H]pc_10:
[[ 1.9437827  -0.21660122 -1.83387024  0.10668875]
 [-0.21660122  1.65578545 -0.62361315 -0.81557108]
 [-1.83387024 -0.62361315  2.15031748  0.30716592]
 [ 0.10668875 -0.81557108  0.30716592  0.40171641]]
[H]pc_11:
[[ 0.85651446  0.47656814 -1.73890936  0.40582675]
 [ 0.47656814  1.16353448 -0.96753627 -0.67256636]
 [-1.73890936 -0.96753627  3.5303616  -0.82391597]
 [ 0.40582675 -0.67256636 -0.82391597  1.09065557]]
[H]pc_12:
[[ 0.19883253  0.33975102 -0.64357204  0.10498849]
 [ 0.33975102  0.62928139 -0.91677398 -0.05225843]
 [-0.64357204 -0.91677398  2.7695703  -1.20922428]
 [ 0.10498849 -0.05225843 -1.20922428  1.15649422]]
[H]pc_13:
[[ 0.66493349 -0.29077133 -0.39585729  0.02169512]
 [-0.29077133  0.87200526 -0.5161716  -0.06506233]
 [-0.39585729 -0.5161716   0.87351614  0.03851276]
 [ 0.02169512 -0.06506233  0.03851276  0.00485445]]
[H]pc_14:
[[ 0.70160347 -0.15512971 -0.8354228   0.28894903]
 [-0.15512971  1.32044635 -0.96814317 -0.19717347]
 [-0.8354228  -0.96814317  2.02815501 -0.22458904]
 [ 0.28894903 -0.19717347 -0.22458904  0.13281348]]
[H]pc_15:
[[ 0.20424234  0.12698416 -0.67619466  0.34496816]
 [ 0.12698416  1.150844   -1.26678672 -0.01104144]
 [-0.67619466 -1.26678672  2.90701196 -0.96403059]
 [ 0.34496816 -0.01104144 -0.96403059  0.63010387]]
[H]pc_16:
[[ 0.01165271  0.07056131 -0.15617676  0.07396274]
 [ 0.07056131  0.66388918 -0.94570601  0.21125552]
 [-0.15617676 -0.94570601  2.09317676 -0.99129399]
 [ 0.07396274  0.21125552 -0.99129399  0.70607573]]


Boundary condition matrix H_bc:
[[3.20377201 0.         0.         1.601886  ]
 [0.         0.         0.         0.        ]
 [0.         0.         0.         0.        ]
 [1.601886   0.         0.         3.20377201]]


________________________________________________________
Element ID: 5
________________________________________________________

Local H matrix:
[[ 24.43980717  -4.61747587 -15.2048546   -4.6174767 ]
 [ -4.61747587  12.49999981  -4.61747545  -3.26504849]
 [-15.2048546   -4.61747545  24.43980512  -4.61747507]
 [ -4.6174767   -3.26504849  -4.61747507  12.50000025]]


Local C matrix:
[[590.73508105 295.3675505  147.68377846 295.36754693]
 [295.3675505  590.73512097 295.36756689 147.68377846]
 [147.68377846 295.36756689 590.73514661 295.36756332]
 [295.36754693 147.68377846 295.36756332 590.73510669]]


Local p vector:
[0. 0. 0. 0.]


Local H matrix (after adding H_bc):
[[ 24.43980717  -4.61747587 -15.2048546   -4.6174767 ]
 [ -4.61747587  12.49999981  -4.61747545  -3.26504849]
 [-15.2048546   -4.61747545  24.43980512  -4.61747507]
 [ -4.6174767   -3.26504849  -4.61747507  12.50000025]]


Individual H matrices for each integration point:
[H]pc_1:
[[ 2.07705138 -0.96103884 -0.15497361 -0.96103892]
 [-0.96103884  0.68311897  0.07170533  0.20621454]
 [-0.15497361  0.07170533  0.01156294  0.07170534]
 [-0.96103892  0.20621454  0.07170534  0.68311905]]
[H]pc_2:
[[ 2.91027347 -0.99446331 -0.68836877 -1.22744138]
 [-0.99446331  0.64987769  0.35581252 -0.01122689]
 [-0.68836877  0.35581252  0.20972162  0.12283464]
 [-1.22744138 -0.01122689  0.12283464  1.11583364]]
[H]pc_3:
[[ 1.94762467 -0.26202996 -0.88661555 -0.79897916]
 [-0.26202996  0.14765976  0.32384395 -0.20947375]
 [-0.88661555  0.32384395  0.77587664 -0.21310504]
 [-0.79897916 -0.20947375 -0.21310504  1.22155794]]
[H]pc_4:
[[ 0.77646602  0.02851426 -0.42281467 -0.38216561]
 [ 0.02851426  0.0045981   0.02851425 -0.06162662]
 [-0.42281467  0.02851425  0.77646591 -0.38216549]
 [-0.38216561 -0.06162662 -0.38216549  0.82595771]]
[H]pc_5:
[[ 2.91027345 -1.22744125 -0.6883688  -0.9944634 ]
 [-1.22744125  1.11583353  0.12283462 -0.0112269 ]
 [-0.6883688   0.12283462  0.20972163  0.35581255]
 [-0.9944634  -0.0112269   0.35581255  0.64987775]]
[H]pc_6:
[[ 3.7842567  -0.96014452 -1.86396753 -0.96014465]
 [-0.96014452  1.08170477  0.47292727 -0.59448752]
 [-1.86396753  0.47292727  0.91811292  0.47292734]
 [-0.96014465 -0.59448752  0.47292734  1.08170483]]
[H]pc_7:
[[ 2.20444923  0.18806375 -2.01070295 -0.38181002]
 [ 0.18806375  0.36509568  0.18806366 -0.74122308]
 [-2.01070295  0.18806366  2.20444915 -0.38180985]
 [-0.38181002 -0.74122308 -0.38180985  1.50484296]]
[H]pc_8:
[[ 0.7758767   0.32384398 -0.88661551 -0.21310517]
 [ 0.32384398  0.14765978 -0.26202996 -0.2094738 ]
 [-0.88661551 -0.26202996  1.94762443 -0.79897896]
 [-0.21310517 -0.2094738  -0.79897896  1.22155793]]
[H]pc_9:
[[ 1.94762464 -0.79897905 -0.8866156  -0.26202999]
 [-0.79897905  1.22155787 -0.21310507 -0.20947375]
 [-0.8866156  -0.21310507  0.7758767   0.32384397]
 [-0.26202999 -0.20947375  0.32384397  0.14765977]]
[H]pc_10:
[[ 2.20444922 -0.38180993 -2.01070299  0.1880637 ]
 [-0.38180993  1.50484294 -0.38180993 -0.74122307]
 [-2.01070299 -0.38180993  2.20444922  0.1880637 ]
 [ 0.1880637  -0.74122307  0.1880637   0.36509567]]
[H]pc_11:
[[ 0.91811285  0.47292728 -1.86396739  0.47292726]
 [ 0.47292728  1.08170486 -0.96014453 -0.59448761]
 [-1.86396739 -0.96014453  3.78425641 -0.96014449]
 [ 0.47292726 -0.59448761 -0.96014449  1.08170484]]
[H]pc_12:
[[ 0.20972161  0.35581252 -0.68836869  0.12283456]
 [ 0.35581252  0.64987772 -0.99446322 -0.01122702]
 [-0.68836869 -0.99446322  2.91027304 -1.22744113]
 [ 0.12283456 -0.01122702 -1.22744113  1.11583359]]
[H]pc_13:
[[ 0.776466   -0.38216556 -0.4228147   0.02851426]
 [-0.38216556  0.82595768 -0.38216551 -0.06162661]
 [-0.4228147  -0.38216551  0.77646595  0.02851425]
 [ 0.02851426 -0.06162661  0.02851425  0.0045981 ]]
[H]pc_14:
[[ 0.7758767  -0.21310513 -0.88661554  0.32384398]
 [-0.21310513  1.22155791 -0.798979   -0.20947378]
 [-0.88661554 -0.798979    1.94762451 -0.26202997]
 [ 0.32384398 -0.20947378 -0.26202997  0.14765977]]
[H]pc_15:
[[ 0.20972161  0.12283456 -0.6883687   0.35581252]
 [ 0.12283456  1.11583359 -1.22744114 -0.01122701]
 [-0.6883687  -1.22744114  2.91027307 -0.99446323]
 [ 0.35581252 -0.01122701 -0.99446323  0.64987772]]
[H]pc_16:
[[ 0.01156294  0.07170532 -0.15497358  0.07170532]
 [ 0.07170532  0.68311896 -0.96103869  0.20621441]
 [-0.15497358 -0.96103869  2.07705098 -0.9610387 ]
 [ 0.07170532  0.20621441 -0.9610387   0.68311897]]


Boundary condition matrix H_bc:
[[0. 0. 0. 0.]
 [0. 0. 0. 0.]
 [0. 0. 0. 0.]
 [0. 0. 0. 0.]]


________________________________________________________
Element ID: 6
________________________________________________________

Local H matrix:
[[ 23.3861461   -4.4543213  -13.26517149  -5.66665331]
 [ -4.4543213   14.14639189  -5.19735448  -4.4947161 ]
 [-13.26517149  -5.19735448  20.96373814  -2.50121216]
 [ -5.66665331  -4.4947161   -2.50121216  12.66258157]]


Local C matrix:
[[599.77684768 304.12537066 160.8792636  317.52158037]
 [304.12537066 616.72463497 325.99547401 160.8792636 ]
 [160.8792636  325.99547401 687.25726109 339.39168372]
 [317.52158037 160.8792636  339.39168372 670.3094738 ]]


Local p vector:
[   0.       5766.790284 5766.790284    0.      ]


Local H matrix (after adding H_bc):
[[ 23.3861461   -4.4543213  -13.26517149  -5.66665331]
 [ -4.4543213   17.35016427  -3.59546829  -4.4947161 ]
 [-13.26517149  -3.59546829  24.16751052  -2.50121216]
 [ -5.66665331  -4.4947161   -2.50121216  12.66258157]]


Individual H matrices for each integration point:
[H]pc_1:
[[ 2.09317662 -0.99129404 -0.15617675 -0.94570583]
 [-0.99129404  0.70607583  0.07396274  0.21125547]
 [-0.15617675  0.07396274  0.01165271  0.0705613 ]
 [-0.94570583  0.21125547  0.0705613   0.66388906]]
[H]pc_2:
[[ 2.90701166 -0.96403064 -0.67619464 -1.26678638]
 [-0.96403064  0.63010397  0.3449682  -0.01104154]
 [-0.67619464  0.3449682   0.20424235  0.12698409]
 [-1.26678638 -0.01104154  0.12698409  1.15084383]]
[H]pc_3:
[[ 2.02815468 -0.22458906 -0.83542276 -0.96814287]
 [-0.22458906  0.13281351  0.28894908 -0.19717353]
 [-0.83542276  0.28894908  0.70160355 -0.15512988]
 [-0.96814287 -0.19717353 -0.15512988  1.32044627]]
[H]pc_4:
[[ 0.87351596  0.03851275 -0.39585724 -0.51617147]
 [ 0.03851275  0.00485445  0.02169513 -0.06506233]
 [-0.39585724  0.02169513  0.66493358 -0.29077148]
 [-0.51617147 -0.06506233 -0.29077148  0.87200528]]
[H]pc_5:
[[ 2.76957028 -1.2092245  -0.64357197 -0.91677381]
 [-1.2092245   1.15649442  0.10498851 -0.05225843]
 [-0.64357197  0.10498851  0.1988325   0.33975096]
 [-0.91677381 -0.05225843  0.33975096  0.62928128]]
[H]pc_6:
[[ 3.53036143 -0.82391624 -1.73890928 -0.96753591]
 [-0.82391624  1.09065575  0.40582689 -0.6725664 ]
 [-1.73890928  0.40582689  0.85651442  0.47656797]
 [-0.96753591 -0.6725664   0.47656797  1.16353434]]
[H]pc_7:
[[ 2.1503172   0.30716575 -1.83387013 -0.62361282]
 [ 0.30716575  0.40171641  0.10668893 -0.81557109]
 [-1.83387013  0.10668893  1.94378277 -0.21660156]
 [-0.62361282 -0.81557109 -0.21660156  1.65578546]]
[H]pc_8:
[[ 0.84901552  0.37237129 -0.81450179 -0.40688501]
 [ 0.37237129  0.17473324 -0.25850519 -0.28859933]
 [-0.81450179 -0.25850519  1.63535587 -0.56234889]
 [-0.40688501 -0.28859933 -0.56234889  1.25783323]]
[H]pc_9:
[[ 1.75497809 -0.83125875 -0.72708165 -0.19663769]
 [-0.83125875  1.38563541 -0.29575468 -0.25862198]
 [-0.72708165 -0.29575468  0.71435483  0.30848151]
 [-0.19663769 -0.25862198  0.30848151  0.14677817]]
[H]pc_10:
[[ 1.88338069 -0.35862826 -1.7013978   0.17664537]
 [-0.35862826  1.75226669 -0.5305447  -0.86309373]
 [-1.7013978  -0.5305447   1.97061824  0.26132426]
 [ 0.17664537 -0.86309373  0.26132426  0.42512409]]
[H]pc_11:
[[ 0.78084016  0.50781759 -1.58527417  0.29661643]
 [ 0.50781759  1.3156926  -1.03097939 -0.7925308 ]
 [-1.58527417 -1.03097939  3.21844899 -0.60219543]
 [ 0.29661643 -0.7925308  -0.60219543  1.09810979]]
[H]pc_12:
[[ 0.21412762  0.38823923 -0.60918762  0.00682077]
 [ 0.38823923  0.74918195 -0.93467979 -0.20274139]
 [-0.60918762 -0.93467979  2.37057341 -0.82670601]
 [ 0.00682077 -0.20274139 -0.82670601  1.02262663]]
[H]pc_13:
[[ 0.71258733 -0.47127364 -0.2764765   0.03516282]
 [-0.47127364  1.00672066 -0.46033326 -0.07511376]
 [-0.2764765  -0.46033326  0.70246324  0.03434653]
 [ 0.03516282 -0.07511376  0.03434653  0.00560441]]
[H]pc_14:
[[ 0.66572319 -0.32001483 -0.6377898   0.29208144]
 [-0.32001483  1.50929699 -0.90840956 -0.2808726 ]
 [-0.6377898  -0.90840956  1.70011378 -0.15391442]
 [ 0.29208144 -0.2808726  -0.15391442  0.14270559]]
[H]pc_15:
[[ 0.16417527  0.05961311 -0.51001602  0.28622764]
 [ 0.05961311  1.35513599 -1.2381226  -0.1766265 ]
 [-0.51001602 -1.2381226   2.41578432 -0.6676457 ]
 [ 0.28622764 -0.1766265  -0.6676457   0.55804456]]
[H]pc_16:
[[ 0.00921039  0.06618894 -0.12344336  0.04804402]
 [ 0.06618894  0.77501402 -0.88710479  0.04590184]
 [-0.12344336 -0.88710479  1.65446357 -0.64391542]
 [ 0.04804402  0.04590184 -0.64391542  0.54996957]]


Boundary condition matrix H_bc:
[[0.         0.         0.         0.        ]
 [0.         3.20377238 1.60188619 0.        ]
 [0.         1.60188619 3.20377238 0.        ]
 [0.         0.         0.         0.        ]]


________________________________________________________
Element ID: 7
________________________________________________________

Local H matrix:
[[ 21.14744556  -3.28389785 -12.34783882  -5.51570889]
 [ -3.28389785  11.78068637  -3.28389738  -5.21289114]
 [-12.34783882  -3.28389738  21.1474456   -5.5157094 ]
 [ -5.51570889  -5.21289114  -5.5157094   16.24430944]]


Local C matrix:
[[417.14512641 221.7974339  104.28628146 195.34769222]
 [221.7974339  470.04460919 221.79743361 104.28628146]
 [104.28628146 221.79743361 417.14512524 195.34769193]
 [195.34769222 104.28628146 195.34769193 364.24564247]]


Local p vector:
[4077.736884    0.       4077.736794 8155.473678]


Local H matrix (after adding H_bc):
[[ 23.41285494  -3.28389785 -12.34783882  -4.3830042 ]
 [ -3.28389785  11.78068637  -3.28389738  -5.21289114]
 [-12.34783882  -3.28389738  23.41285493  -4.38300474]
 [ -4.3830042   -5.21289114  -4.38300474  20.77512815]]


Individual H matrices for each integration point:
[H]pc_1:
[[ 1.75487489 -0.60603294 -0.13093528 -1.01790668]
 [-0.60603294  0.49151849  0.04521752  0.06929692]
 [-0.13093528  0.04521752  0.00976938  0.07594837]
 [-1.01790668  0.06929692  0.07594837  0.87266138]]
[H]pc_2:
[[ 2.43314749 -0.59035849 -0.48175627 -1.36103273]
 [-0.59035849  0.51410269  0.26112808 -0.18487228]
 [-0.48175627  0.26112808  0.15148478  0.06914341]
 [-1.36103273 -0.18487228  0.06914341  1.4767616 ]]
[H]pc_3:
[[ 1.60134114 -0.0917764  -0.5039285  -1.00563624]
 [-0.0917764   0.14197412  0.27767685 -0.32787457]
 [-0.5039285   0.27767685  0.61134586 -0.38509421]
 [-1.00563624 -0.32787457 -0.38509421  1.71860502]]
[H]pc_4:
[[ 0.66374975  0.04317997 -0.12820534 -0.57872438]
 [ 0.04317997  0.00696304  0.04317997 -0.09332298]
 [-0.12820534  0.04317997  0.66374978 -0.57872441]
 [-0.57872438 -0.09332298 -0.57872441  1.25077176]]
[H]pc_5:
[[ 2.50844345 -0.82860455 -0.65754915 -1.02228975]
 [-0.82860455  0.96767347  0.02288203 -0.16195096]
 [-0.65754915  0.02288203  0.22678071  0.40788641]
 [-1.02228975 -0.16195096  0.40788641  0.7763543 ]]
[H]pc_6:
[[ 3.19727164 -0.60546905 -1.57484309 -1.0169595 ]
 [-0.60546905  1.1066197   0.29822888 -0.79937954]
 [-1.57484309  0.29822888  0.77570224  0.50091197]
 [-1.0169595  -0.79937954  0.50091197  1.31542706]]
[H]pc_7:
[[ 1.75259928  0.2435949  -1.50164391 -0.49455027]
 [ 0.2435949   0.47290068  0.24359494 -0.96009052]
 [-1.50164391  0.24359494  1.75259932 -0.49455034]
 [-0.49455027 -0.96009052 -0.49455034  1.94919114]]
[H]pc_8:
[[ 0.61134584  0.27767684 -0.50392849 -0.38509419]
 [ 0.27767684  0.14197411 -0.09177639 -0.32787456]
 [-0.50392849 -0.09177639  1.60134119 -1.00563631]
 [-0.38509419 -0.32787456 -1.00563631  1.71860506]]
[H]pc_9:
[[ 1.81105662 -0.66787033 -0.87290269 -0.2702836 ]
 [-0.66787033  1.20748266 -0.29841704 -0.24119529]
 [-0.87290269 -0.29841704  0.82106127  0.35025846]
 [-0.2702836  -0.24119529  0.35025846  0.16122042]]
[H]pc_10:
[[ 2.03976453 -0.41603249 -1.82865234  0.20492031]
 [-0.41603249  1.63972557 -0.41603243 -0.80766065]
 [-1.82865234 -0.41603243  2.03976449  0.20492028]
 [ 0.20492031 -0.80766065  0.20492028  0.39782006]]
[H]pc_11:
[[ 0.77570224  0.29822885 -1.5748431   0.50091201]
 [ 0.29822885  1.10661967 -0.60546898 -0.79937954]
 [-1.5748431  -0.60546898  3.19727165 -1.01695957]
 [ 0.50091201 -0.79937954 -1.01695957  1.3154271 ]]
[H]pc_12:
[[ 0.15148477  0.26112807 -0.48175626  0.06914342]
 [ 0.26112807  0.51410267 -0.59035846 -0.18487228]
 [-0.48175626 -0.59035846  2.43314752 -1.3610328 ]
 [ 0.06914342 -0.18487228 -1.3610328   1.47676166]]
[H]pc_13:
[[ 0.78905251 -0.3712447  -0.44550723  0.02769943]
 [-0.3712447   0.80235493 -0.37124467 -0.05986556]
 [-0.44550723 -0.37124467  0.78905248  0.02769942]
 [ 0.02769943 -0.05986556  0.02769942  0.00446671]]
[H]pc_14:
[[ 0.8210613  -0.29841707 -0.8729027   0.35025847]
 [-0.29841707  1.20748264 -0.66787028 -0.2411953 ]
 [-0.8729027  -0.66787028  1.81105658 -0.27028361]
 [ 0.35025847 -0.2411953  -0.27028361  0.16122043]]
[H]pc_15:
[[ 0.22678072  0.02288202 -0.65754916  0.40788642]
 [ 0.02288202  0.96767344 -0.8286045  -0.16195097]
 [-0.65754916 -0.8286045   2.50844344 -1.02228978]
 [ 0.40788642 -0.16195097 -1.02228978  0.77635433]]
[H]pc_16:
[[ 0.00976938  0.04521752 -0.13093528  0.07594838]
 [ 0.04521752  0.49151848 -0.60603291  0.06929692]
 [-0.13093528 -0.60603291  1.7548749  -1.01790671]
 [ 0.07594838  0.06929692 -1.01790671  0.87266141]]


Boundary condition matrix H_bc:
[[2.26540938 0.         0.         1.13270469]
 [0.         0.         0.         0.        ]
 [0.         0.         2.26540933 1.13270467]
 [1.13270469 0.         1.13270467 4.53081871]]


________________________________________________________
Element ID: 8
________________________________________________________

Local H matrix:
[[ 23.38614498  -5.66665359 -13.26517087  -4.45432052]
 [ -5.66665359  12.66258208  -2.50121199  -4.4947165 ]
 [-13.26517087  -2.50121199  20.96373777  -5.19735491]
 [ -4.45432052  -4.4947165   -5.19735491  14.14639194]]


Local C matrix:
[[599.77688204 317.52159293 160.87926932 304.12538673]
 [317.52159293 670.30948969 339.39169056 160.87926932]
 [160.87926932 339.39169056 687.25727254 325.99548436]
 [304.12538673 160.87926932 325.99548436 616.72466488]]


Local p vector:
[   0.          0.       5766.790284 5766.790284]


Local H matrix (after adding H_bc):
[[ 23.38614498  -5.66665359 -13.26517087  -4.45432052]
 [ -5.66665359  12.66258208  -2.50121199  -4.4947165 ]
 [-13.26517087  -2.50121199  24.16751015  -3.59546872]
 [ -4.45432052  -4.4947165   -3.59546872  17.35016432]]


Individual H matrices for each integration point:
[H]pc_1:
[[ 2.09317647 -0.94570581 -0.15617674 -0.99129391]
 [-0.94570581  0.66388909  0.0705613   0.21125542]
 [-0.15617674  0.0705613   0.01165271  0.07396273]
 [-0.99129391  0.21125542  0.07396273  0.70607576]]
[H]pc_2:
[[ 2.76957009 -0.91677379 -0.64357195 -1.20922435]
 [-0.91677379  0.62928131  0.33975097 -0.05225849]
 [-0.64357195  0.33975097  0.1988325   0.10498847]
 [-1.20922435 -0.05225849  0.10498847  1.15649437]]
[H]pc_3:
[[ 1.75497798 -0.19663769 -0.72708163 -0.83125866]
 [-0.19663769  0.14677818  0.30848152 -0.25862201]
 [-0.72708163  0.30848152  0.71435486 -0.29575475]
 [-0.83125866 -0.25862201 -0.29575475  1.38563542]]
[H]pc_4:
[[ 0.71258729  0.03516281 -0.27647649 -0.47127361]
 [ 0.03516281  0.00560441  0.03434653 -0.07511376]
 [-0.27647649  0.03434653  0.70246327 -0.46033331]
 [-0.47127361 -0.07511376 -0.46033331  1.00672068]]
[H]pc_5:
[[ 2.9070115  -1.2667864  -0.67619458 -0.96403052]
 [-1.2667864   1.15084391  0.12698408 -0.01104158]
 [-0.67619458  0.12698408  0.20424233  0.34496817]
 [-0.96403052 -0.01104158  0.34496817  0.63010393]]
[H]pc_6:
[[ 3.53036125 -0.96753595 -1.73890919 -0.82391612]
 [-0.96753595  1.16353442  0.47656798 -0.67256646]
 [-1.73890919  0.47656798  0.85651438  0.40582683]
 [-0.82391612 -0.67256646  0.40582683  1.09065575]]
[H]pc_7:
[[ 1.88338061  0.17664534 -1.70139775 -0.3586282 ]
 [ 0.17664534  0.4251241   0.26132431 -0.86309375]
 [-1.70139775  0.26132431  1.97061823 -0.53054479]
 [-0.3586282  -0.86309375 -0.53054479  1.75226674]]
[H]pc_8:
[[ 0.66572316  0.29208142 -0.63778978 -0.32001481]
 [ 0.29208142  0.14270558 -0.15391441 -0.2808726 ]
 [-0.63778978 -0.15391441  1.70011381 -0.90840963]
 [-0.32001481 -0.2808726  -0.90840963  1.50929704]]
[H]pc_9:
[[ 2.02815462 -0.96814292 -0.83542268 -0.22458902]
 [-0.96814292  1.32044636 -0.1551299  -0.19717355]
 [-0.83542268 -0.1551299   0.70160351  0.28894907]
 [-0.22458902 -0.19717355  0.28894907  0.1328135 ]]
[H]pc_10:
[[ 2.15031714 -0.62361288 -1.83387004  0.30716578]
 [-0.62361288  1.65578555 -0.21660154 -0.81557113]
 [-1.83387004 -0.21660154  1.94378267  0.10668892]
 [ 0.30716578 -0.81557113  0.10668892  0.40171643]]
[H]pc_11:
[[ 0.78084014  0.29661641 -1.58527414  0.50781759]
 [ 0.29661641  1.0981098  -0.60219538 -0.79253083]
 [-1.58527414 -0.60219538  3.21844892 -1.0309794 ]
 [ 0.50781759 -0.79253083 -1.0309794   1.31569264]]
[H]pc_12:
[[ 0.16417526  0.28622763 -0.51001601  0.05961311]
 [ 0.28622763  0.55804455 -0.66764568 -0.1766265 ]
 [-0.51001601 -0.66764568  2.41578432 -1.23812263]
 [ 0.05961311 -0.1766265  -1.23812263  1.35513601]]
[H]pc_13:
[[ 0.87351595 -0.5161715  -0.3958572   0.03851275]
 [-0.5161715   0.87200533 -0.29077149 -0.06506234]
 [-0.3958572  -0.29077149  0.66493355  0.02169513]
 [ 0.03851275 -0.06506234  0.02169513  0.00485445]]
[H]pc_14:
[[ 0.84901551 -0.40688505 -0.81450175  0.37237129]
 [-0.40688505  1.25783328 -0.56234888 -0.28859935]
 [-0.81450175 -0.56234888  1.6353558  -0.25850518]
 [ 0.37237129 -0.28859935 -0.25850518  0.17473324]]
[H]pc_15:
[[ 0.21412762  0.00682076 -0.60918761  0.38823923]
 [ 0.00682076  1.02262664 -0.82670599 -0.20274141]
 [-0.60918761 -0.82670599  2.37057336 -0.93467977]
 [ 0.38823923 -0.20274141 -0.93467977  0.74918196]]
[H]pc_16:
[[ 0.00921039  0.04804402 -0.12344336  0.06618894]
 [ 0.04804402  0.54996956 -0.64391541  0.04590183]
 [-0.12344336 -0.64391541  1.65446356 -0.88710479]
 [ 0.06618894  0.04590183 -0.88710479  0.77501402]]


Boundary condition matrix H_bc:
[[0.         0.         0.         0.        ]
 [0.         0.         0.         0.        ]
 [0.         0.         3.20377238 1.60188619]
 [0.         0.         1.60188619 3.20377238]]


________________________________________________________
Element ID: 9
________________________________________________________

Local H matrix:
[[ 21.28010912  -5.16449729 -10.95111455  -5.16449729]
 [ -5.16449729  14.66319851  -3.40954223  -6.08915899]
 [-10.95111455  -3.40954223  17.77019902  -3.40954223]
 [ -5.16449729  -6.08915899  -3.40954223  14.66319851]]


Local C matrix:
[[ 927.98758277  490.44353119  258.4466355   490.44353119]
 [ 490.44353119 1033.78654201  543.34301082  258.4466355 ]
 [ 258.4466355   543.34301082 1139.58550126  543.34301082]
 [ 490.44353119  258.4466355   543.34301082 1033.78654201]]


Local p vector:
[    0.        8155.473102 16310.946204  8155.473102]


Local H matrix (after adding H_bc):
[[ 21.28010912  -5.16449729 -10.95111455  -5.16449729]
 [ -5.16449729  19.1940169   -1.14413304  -6.08915899]
 [-10.95111455  -1.14413304  26.8318358   -1.14413304]
 [ -5.16449729  -6.08915899  -1.14413304  19.1940169 ]]


Individual H matrices for each integration point:
[H]pc_1:
[[ 1.91551089 -0.88629509 -0.1429207  -0.88629509]
 [-0.88629509  0.66864487  0.06612853  0.15152169]
 [-0.1429207   0.06612853  0.01066364  0.06612853]
 [-0.88629509  0.15152169  0.06612853  0.66864487]]
[H]pc_2:
[[ 2.56054224 -0.80610958 -0.57886983 -1.17556283]
 [-0.80610958  0.60619081  0.31930219 -0.11938342]
 [-0.57886983  0.31930219  0.18417426  0.07539337]
 [-1.17556283 -0.11938342  0.07539337  1.21955287]]
[H]pc_3:
[[ 1.75890603 -0.14067594 -0.62606761 -0.99216249]
 [-0.14067594  0.13571834  0.27658059 -0.271623  ]
 [-0.62606761  0.27658059  0.63504813 -0.28556112]
