Global parameters:
{'SimulationTime': 500.0, 'SimulationStepTime': 50.0, 'Conductivity': 25.0, 'Alfa': 300.0, 'Tot': 1200.0, 'InitialTemp': 100.0, 'Density': 7800.0, 'SpecificHeat': 700.0, 'Nodes number': 16.0, 'Elements number': 9.0}

Nodes:
Node ID: 1, X: 0.100000001, Y: 0.00499999989
Node ID: 2, X: 0.0546918176, Y: 0.00499999989
Node ID: 3, X: 0.0226540919, Y: 0.00499999989
Node ID: 4, X: 0.0, Y: 0.00499999989
Node ID: 5, X: 0.100000001, Y: -0.0403081849
Node ID: 6, X: 0.0623899326, Y: -0.0326100662
Node ID: 7, X: 0.0303522106, Y: -0.0253522098
Node ID: 8, X: 0.0, Y: -0.0176540911
Node ID: 9, X: 0.100000001, Y: -0.072345905
Node ID: 10, X: 0.069647789, Y: -0.0646477863
Node ID: 11, X: 0.0376100652, Y: -0.0573899336
Node ID: 12, X: 0.0, Y: -0.0496918149
Node ID: 13, X: 0.100000001, Y: -0.0949999988
Node ID: 14, X: 0.0773459077, Y: -0.0949999988
Node ID: 15, X: 0.0453081839, Y: -0.0949999988
Node ID: 16, X: 0.0, Y: -0.0949999988

Elements:
Element ID: 1, Node IDs: [1, 2, 6, 5]
Element ID: 2, Node IDs: [2, 3, 7, 6]
Element ID: 3, Node IDs: [3, 4, 8, 7]
Element ID: 4, Node IDs: [5, 6, 10, 9]
Element ID: 5, Node IDs: [6, 7, 11, 10]
Element ID: 6, Node IDs: [7, 8, 12, 11]
Element ID: 7, Node IDs: [9, 10, 14, 13]
Element ID: 8, Node IDs: [10, 11, 15, 14]
Element ID: 9, Node IDs: [11, 12, 16, 15]

Boundary conditions:
[1, 2, 3, 4, 5, 8, 9, 12, 13, 14, 15, 16]
________________________________________________________
Element ID: 1
________________________________________________________

Local H matrix:
[[ 17.76238271  -3.39971499 -10.96295267  -3.39971506]
 [ -3.39971499  14.65084276  -5.14961161  -6.10151617]
 [-10.96295267  -5.14961161  21.26217502  -5.14961075]
 [ -3.39971506  -6.10151617  -5.14961075  14.65084198]]


Local C matrix:
[[1139.58553695  543.34302896  258.44665067  543.34304086]
 [ 543.34302896 1033.78657887  490.44356182  258.44665067]
 [ 258.44665067  490.44356182  927.9876684   490.44357372]
 [ 543.34304086  258.44665067  490.44357372 1033.78662648]]


Local p vector:
[16310.9462742  8155.473012      0.         8155.4732622]


Local H matrix (after adding H_bc):
[[ 26.82401953  -1.13430582 -10.96295267  -1.13430582]
 [ -1.13430582  19.1816611   -5.14961161  -6.10151617]
 [-10.96295267  -5.14961161  21.26217502  -5.14961075]
 [ -1.13430582  -6.10151617  -5.14961075  19.18166045]]


Individual H matrices for each integration point:
[H]pc_1:
[[ 8.37663702 -3.06606201 -2.24451312 -3.06606188]
 [-3.06606201  4.02284855  0.82154884 -1.77833537]
 [-2.24451312  0.82154884  0.60141548  0.82154881]
 [-3.06606188 -1.77833537  0.82154881  4.02284845]]
[H]pc_2:
[[ 4.31156967  0.50342882 -2.93617656 -1.87882193]
 [ 0.50342882  0.46338146  0.76255288 -1.72936317]
 [-2.93617656  0.76255288  5.01950978 -2.84588611]
 [-1.87882193 -1.72936317 -2.84588611  6.4540712 ]]
[H]pc_3:
[[ 4.31156941 -1.87882188 -2.93617634  0.5034288 ]
 [-1.87882188  6.45407154 -2.84588641 -1.72936326]
 [-2.93617634 -2.84588641  5.01950978  0.76255297]
 [ 0.5034288  -1.72936326  0.76255297  0.46338149]]
[H]pc_4:
[[ 0.76260662  1.04174008 -2.84608665  1.04173995]
 [ 1.04174008  3.71054121 -3.88782692 -0.86445437]
 [-2.84608665 -3.88782692 10.62173998 -3.88782641]
 [ 1.04173995 -0.86445437 -3.88782641  3.71054084]]


Boundary condition matrix H_bc:
[[9.06163682 2.26540917 0.         2.26540924]
 [2.26540917 4.53081834 0.         0.        ]
 [0.         0.         0.         0.        ]
 [2.26540924 0.         0.         4.53081848]]


________________________________________________________
Element ID: 2
________________________________________________________

Local H matrix:
[[ 20.95840051  -5.19066342 -13.27218673  -2.49555037]
 [ -5.19066342  14.13800425  -4.44552642  -4.50181441]
 [-13.27218673  -4.44552642  23.37692347  -5.65921033]
 [ -2.49555037  -4.50181441  -5.65921033  12.6565751 ]]


Local C matrix:
[[687.25729177 325.99548394 160.87926377 339.3916895 ]
 [325.99548394 616.72464397 304.1253656  160.87926377]
 [160.87926377 304.1253656  599.77681842 317.52157116]
 [339.3916895  160.87926377 317.52157116 670.30946621]]


Local p vector:
[5766.790626 5766.790626    0.          0.      ]


Local H matrix (after adding H_bc):
[[ 24.16217308  -3.58877714 -13.27218673  -2.49555037]
 [ -3.58877714  17.34177682  -4.44552642  -4.50181441]
 [-13.27218673  -4.44552642  23.37692347  -5.65921033]
 [ -2.49555037  -4.50181441  -5.65921033  12.6565751 ]]


Individual H matrices for each integration point:
[H]pc_1:
[[10.17242759 -4.43860681 -2.72569376 -3.00812702]
 [-4.43860681  4.32526413  1.18932111 -1.07597843]
 [-2.72569376  1.18932111  0.73034744  0.80602521]
 [-3.00812702 -1.07597843  0.80602521  3.27808025]]
[H]pc_2:
[[ 4.89455171  0.33997921 -3.96571122 -1.2688197 ]
 [ 0.33997921  0.38002393  0.69826546 -1.4182686 ]
 [-3.96571122  0.69826546  5.87340793 -2.60596217]
 [-1.2688197  -1.4182686  -2.60596217  5.29305047]]
[H]pc_3:
[[ 5.03666591 -2.24830625 -3.3907915   0.60243185]
 [-2.24830625  5.82768191 -2.01785299 -1.56152266]
 [-3.3907915  -2.01785299  4.86796241  0.54068208]
 [ 0.60243185 -1.56152266  0.54068208  0.41840874]]
[H]pc_4:
[[ 0.85475531  1.15627043 -3.18999025  1.17896451]
 [ 1.15627043  3.60503428 -4.31526    -0.44604472]
 [-3.18999025 -4.31526    11.90520569 -4.39995544]
 [ 1.17896451 -0.44604472 -4.39995544  3.66703565]]


Boundary condition matrix H_bc:
[[3.20377257 1.60188628 0.         0.        ]
 [1.60188628 3.20377257 0.         0.        ]
 [0.         0.         0.         0.        ]
 [0.         0.         0.         0.        ]]


________________________________________________________
Element ID: 3
________________________________________________________

Local H matrix:
[[ 21.12793339  -5.49124732 -12.36735175  -3.26933431]
 [ -5.49124732  16.21364391  -5.49124826  -5.23114833]
 [-12.36735175  -5.49124826  21.12793348  -3.26933347]
 [ -3.26933431  -5.23114833  -3.26933347  11.76981611]]


Local C matrix:
[[417.1450592  195.34765972 104.28626453 221.79739895]
 [195.34765972 364.24557969 195.34765919 104.28626453]
 [104.28626453 195.34765919 417.14505708 221.79739841]
 [221.79739895 104.28626453 221.79739841 470.04453658]]


Local p vector:
[4077.736542  8155.4729202 4077.7363782    0.       ]


Local H matrix (after adding H_bc):
[[ 23.39334258  -4.35854273 -12.36735175  -3.26933431]
 [ -4.35854273  20.7444622   -4.35854371  -5.23114833]
 [-12.36735175  -4.35854371  23.39334258  -3.26933347]
 [ -3.26933431  -5.23114833  -3.26933347  11.76981611]]


Individual H matrices for each integration point:
[H]pc_1:
[[10.41717548 -4.7800153  -2.79127376 -2.84588642]
 [-4.7800153   4.52577113  1.28080124 -1.02655707]
 [-2.79127376  1.28080124  0.74791955  0.76255297]
 [-2.84588642 -1.02655707  0.76255297  3.10989052]]
[H]pc_2:
[[ 5.47817286  0.49645325 -4.12183736 -1.85278875]
 [ 0.49645325  0.36342897  0.49645316 -1.35633538]
 [-4.12183736  0.49645316  5.47817262 -1.85278842]
 [-1.85278875 -1.35633538 -1.85278842  5.06191255]]
[H]pc_3:
[[ 4.4846655  -2.48848661 -2.66296686  0.66678798]
 [-2.48848661  6.79867237 -2.48848698 -1.82169877]
 [-2.66296686 -2.48848698  4.48466577  0.66678808]
 [ 0.66678798 -1.82169877  0.66678808  0.48812271]]
[H]pc_4:
[[ 0.74791955  1.28080134 -2.79127377  0.76255288]
 [ 1.28080134  4.52577145 -4.78001567 -1.02655711]
 [-2.79127377 -4.78001567 10.41717554 -2.84588609]
 [ 0.76255288 -1.02655711 -2.84588609  3.10989033]]


Boundary condition matrix H_bc:
[[2.26540919 1.13270459 0.         0.        ]
 [1.13270459 4.53081829 1.13270455 0.        ]
 [0.         1.13270455 2.2654091  0.        ]
 [0.         0.         0.         0.        ]]


________________________________________________________
Element ID: 4
________________________________________________________

Local H matrix:
[[ 20.95840224  -2.49554802 -13.27218766  -5.19066657]
 [ -2.49554802  12.65657462  -5.65921257  -4.50181403]
 [-13.27218766  -5.65921257  23.37692413  -4.4455239 ]
 [ -5.19066657  -4.50181403  -4.4455239   14.1380045 ]]


Local C matrix:
[[687.25723209 339.39166817 160.87925465 325.99545718]
 [339.39166817 670.3094406  317.52156143 160.87925465]
 [160.87925465 317.52156143 599.77680513 304.12535044]
 [325.99545718 160.87925465 304.12535044 616.72459662]]


Local p vector:
[5766.789618    0.          0.       5766.789618]


Local H matrix (after adding H_bc):
[[ 24.16217425  -2.49554802 -13.27218766  -3.58878056]
 [ -2.49554802  12.65657462  -5.65921257  -4.50181403]
 [-13.27218766  -5.65921257  23.37692413  -4.4455239 ]
 [ -3.58878056  -4.50181403  -4.4455239   17.34177651]]


Individual H matrices for each integration point:
[H]pc_1:
[[10.17242859 -3.0081262  -2.72569403 -4.43860836]
 [-3.0081262   3.27807944  0.80602499 -1.07597823]
 [-2.72569403  0.80602499  0.73034751  1.18932153]
 [-4.43860836 -1.07597823  1.18932153  4.32526506]]
[H]pc_2:
[[ 5.03666682  0.60243215 -3.39079158 -2.24830739]
 [ 0.60243215  0.41840873  0.54068177 -1.56152265]
 [-3.39079158  0.54068177  4.86796164 -2.01785183]
 [-2.24830739 -1.56152265 -2.01785183  5.82768187]]
[H]pc_3:
[[ 4.89455149 -1.26881872 -3.96571172  0.33997895]
 [-1.26881872  5.29305019 -2.60596294 -1.41826852]
 [-3.96571172 -2.60596294  5.873409    0.69826567]
 [ 0.33997895 -1.41826852  0.69826567  0.38002391]]
[H]pc_4:
[[ 0.85475533  1.17896476 -3.18999033  1.15627023]
 [ 1.17896476  3.66703626 -4.39995638 -0.44604463]
 [-3.18999033 -4.39995638 11.90520597 -4.31525926]
 [ 1.15627023 -0.44604463 -4.31525926  3.60503366]]


Boundary condition matrix H_bc:
[[3.20377201 0.         0.         1.601886  ]
 [0.         0.         0.         0.        ]
 [0.         0.         0.         0.        ]
 [1.601886   0.         0.         3.20377201]]


________________________________________________________
Element ID: 5
________________________________________________________

Local H matrix:
[[ 24.43980717  -4.61747587 -15.2048546   -4.6174767 ]
 [ -4.61747587  12.49999981  -4.61747545  -3.26504849]
 [-15.2048546   -4.61747545  24.43980512  -4.61747507]
 [ -4.6174767   -3.26504849  -4.61747507  12.50000025]]


Local C matrix:
[[590.73508105 295.3675505  147.68377846 295.36754693]
 [295.3675505  590.73512097 295.36756689 147.68377846]
 [147.68377846 295.36756689 590.73514661 295.36756332]
 [295.36754693 147.68377846 295.36756332 590.73510669]]


Local p vector:
[0. 0. 0. 0.]


Local H matrix (after adding H_bc):
[[ 24.43980717  -4.61747587 -15.2048546   -4.6174767 ]
 [ -4.61747587  12.49999981  -4.61747545  -3.26504849]
 [-15.2048546   -4.61747545  24.43980512  -4.61747507]
 [ -4.6174767   -3.26504849  -4.61747507  12.50000025]]


Individual H matrices for each integration point:
[H]pc_1:
[[12.32965813 -4.51296787 -3.30372194 -4.51296833]
 [-4.51296787  3.62249174  1.2092461  -0.31876997]
 [-3.30372194  1.2092461   0.88522963  1.20924622]
 [-4.51296833 -0.31876997  1.20924622  3.62249208]]
[H]pc_2:
[[ 5.61245979  0.48086745 -4.29870549 -1.79462174]
 [ 0.48086745  0.35201934  0.48086728 -1.31375406]
 [-4.29870549  0.48086728  5.61245932 -1.7946211 ]
 [-1.79462174 -1.31375406 -1.7946211   4.90299691]]
[H]pc_3:
[[ 5.61245973 -1.79462145 -4.29870565  0.48086737]
 [-1.79462145  4.90299677 -1.79462129 -1.31375402]
 [-4.29870565 -1.79462129  5.61245962  0.48086733]
 [ 0.48086737 -1.31375402  0.48086733  0.35201933]]
[H]pc_4:
[[ 0.88522951  1.209246   -3.30372152  1.209246  ]
 [ 1.209246    3.62249196 -4.51296753 -0.31877043]
 [-3.30372152 -4.51296753 12.32965655 -4.51296751]
 [ 1.209246   -0.31877043 -4.51296751  3.62249194]]


Boundary condition matrix H_bc:
[[0. 0. 0. 0.]
 [0. 0. 0. 0.]
 [0. 0. 0. 0.]
 [0. 0. 0. 0.]]


________________________________________________________
Element ID: 6
________________________________________________________

Local H matrix:
[[ 23.37692303  -4.4455259  -13.27218706  -5.65921007]
 [ -4.4455259   14.13800431  -5.19066422  -4.5018142 ]
 [-13.27218706  -5.19066422  20.95840171  -2.49555043]
 [ -5.65921007  -4.5018142   -2.49555043  12.6565747 ]]


Local C matrix:
[[599.77684768 304.12537066 160.8792636  317.52158037]
 [304.12537066 616.72463497 325.99547401 160.8792636 ]
 [160.8792636  325.99547401 687.25726109 339.39168372]
 [317.52158037 160.8792636  339.39168372 670.3094738 ]]


Local p vector:
[   0.       5766.790284 5766.790284    0.      ]


Local H matrix (after adding H_bc):
[[ 23.37692303  -4.4455259  -13.27218706  -5.65921007]
 [ -4.4455259   17.34177669  -3.58877803  -4.5018142 ]
 [-13.27218706  -3.58877803  24.16217409  -2.49555043]
 [ -5.65921007  -4.5018142   -2.49555043  12.6565747 ]]


Individual H matrices for each integration point:
[H]pc_1:
[[11.90520531 -4.31525987 -3.18999015 -4.39995529]
 [-4.31525987  3.6050343   1.1562704  -0.44604483]
 [-3.18999015  1.1562704   0.85475528  1.17896447]
 [-4.39995529 -0.44604483  1.17896447  3.66703566]]
[H]pc_2:
[[ 5.87340799  0.69826541 -3.9657114  -2.605962  ]
 [ 0.69826541  0.38002391  0.33997922 -1.41826854]
 [-3.9657114   0.33997922  4.8945519  -1.26881972]
 [-2.605962   -1.41826854 -1.26881972  5.29305027]]
[H]pc_3:
[[ 4.86796224 -2.01785269 -3.39079155  0.540682  ]
 [-2.01785269  5.82768186 -2.24830653 -1.56152265]
 [-3.39079155 -2.24830653  5.03666616  0.60243192]
 [ 0.540682   -1.56152265  0.60243192  0.41840873]]
[H]pc_4:
[[ 0.7303475   1.18932124 -2.72569396  0.80602523]
 [ 1.18932124  4.32526424 -4.43860731 -1.07597817]
 [-2.72569396 -4.43860731 10.17242836 -3.00812709]
 [ 0.80602523 -1.07597817 -3.00812709  3.27808004]]


Boundary condition matrix H_bc:
[[0.         0.         0.         0.        ]
 [0.         3.20377238 1.60188619 0.        ]
 [0.         1.60188619 3.20377238 0.        ]
 [0.         0.         0.         0.        ]]


________________________________________________________
Element ID: 7
________________________________________________________

Local H matrix:
[[ 21.12793298  -3.26933417 -12.36735139  -5.49124742]
 [ -3.26933417  11.76981643  -3.26933371  -5.23114854]
 [-12.36735139  -3.26933371  21.12793303  -5.49124793]
 [ -5.49124742  -5.23114854  -5.49124793  16.21364389]]


Local C matrix:
[[417.14512641 221.7974339  104.28628146 195.34769222]
 [221.7974339  470.04460919 221.79743361 104.28628146]
 [104.28628146 221.79743361 417.14512524 195.34769193]
 [195.34769222 104.28628146 195.34769193 364.24564247]]


Local p vector:
[4077.736884    0.       4077.736794 8155.473678]


Local H matrix (after adding H_bc):
[[ 23.39334236  -3.26933417 -12.36735139  -4.35854273]
 [ -3.26933417  11.76981643  -3.26933371  -5.23114854]
 [-12.36735139  -3.26933371  23.39334236  -4.35854326]
 [ -4.35854273  -5.23114854  -4.35854326  20.7444626 ]]


Individual H matrices for each integration point:
[H]pc_1:
[[10.41717525 -2.84588635 -2.7912737  -4.78001521]
 [-2.84588635  3.10989055  0.76255295 -1.02655715]
 [-2.7912737   0.76255295  0.74791953  1.28080121]
 [-4.78001521 -1.02655715  1.28080121  4.52577114]]
[H]pc_2:
[[ 4.48466553  0.66678801 -2.66296681 -2.48848673]
 [ 0.66678801  0.48812272  0.66678806 -1.82169879]
 [-2.66296681  0.66678806  4.48466568 -2.48848693]
 [-2.48848673 -1.82169879 -2.48848693  6.79867245]]
[H]pc_3:
[[ 5.47817267 -1.85278873 -4.12183718  0.49645325]
 [-1.85278873  5.06191271 -1.85278855 -1.35633542]
 [-4.12183718 -1.85278855  5.47817254  0.4964532 ]
 [ 0.49645325 -1.35633542  0.4964532   0.36342898]]
[H]pc_4:
[[ 0.74791953  0.7625529  -2.7912737   1.28080127]
 [ 0.7625529   3.10989044 -2.84588617 -1.02655718]
 [-2.7912737  -2.84588617 10.41717528 -4.78001541]
 [ 1.28080127 -1.02655718 -4.78001541  4.52577132]]


Boundary condition matrix H_bc:
[[2.26540938 0.         0.         1.13270469]
 [0.         0.         0.         0.        ]
 [0.         0.         2.26540933 1.13270467]
 [1.13270469 0.         1.13270467 4.53081871]]


________________________________________________________
Element ID: 8
________________________________________________________

Local H matrix:
[[ 23.37692192  -5.65921035 -13.27218644  -4.44552512]
 [ -5.65921035  12.65657521  -2.49555026  -4.5018146 ]
 [-13.27218644  -2.49555026  20.95840135  -5.19066465]
 [ -4.44552512  -4.5018146   -5.19066465  14.13800437]]


Local C matrix:
[[599.77688204 317.52159293 160.87926932 304.12538673]
 [317.52159293 670.30948969 339.39169056 160.87926932]
 [160.87926932 339.39169056 687.25727254 325.99548436]
 [304.12538673 160.87926932 325.99548436 616.72466488]]


Local p vector:
[   0.          0.       5766.790284 5766.790284]


Local H matrix (after adding H_bc):
[[ 23.37692192  -5.65921035 -13.27218644  -4.44552512]
 [ -5.65921035  12.65657521  -2.49555026  -4.5018146 ]
 [-13.27218644  -2.49555026  24.16217373  -3.58877846]
 [ -4.44552512  -4.5018146   -3.58877846  17.34177675]]


Individual H matrices for each integration point:
[H]pc_1:
[[11.90520458 -4.39995531 -3.18998995 -4.31525932]
 [-4.39995531  3.66703589  1.17896447 -0.44604505]
 [-3.18998995  1.17896447  0.85475523  1.15627025]
 [-4.31525932 -0.44604505  1.15627025  3.60503412]]
[H]pc_2:
[[ 4.86796199  0.54068195 -3.39079143 -2.01785251]
 [ 0.54068195  0.41840874  0.602432   -1.56152269]
 [-3.39079143  0.602432    5.03666625 -2.24830681]
 [-2.01785251 -1.56152269 -2.24830681  5.82768201]]
[H]pc_3:
[[ 5.87340786 -2.60596219 -3.96571113  0.69826546]
 [-2.60596219  5.29305056 -1.26881974 -1.41826862]
 [-3.96571113 -1.26881974  4.89455165  0.33997923]
 [ 0.69826546 -1.41826862  0.33997923  0.38002393]]
[H]pc_4:
[[ 0.73034749  0.8060252  -2.72569393  1.18932124]
 [ 0.8060252   3.27808002 -3.00812699 -1.07597823]
 [-2.72569393 -3.00812699 10.17242822 -4.43860731]
 [ 1.18932124 -1.07597823 -4.43860731  4.3252643 ]]


Boundary condition matrix H_bc:
[[0.         0.         0.         0.        ]
 [0.         0.         0.         0.        ]
 [0.         0.         3.20377238 1.60188619]
 [0.         0.         1.60188619 3.20377238]]


________________________________________________________
Element ID: 9
________________________________________________________

Local H matrix:
[[ 21.26217649  -5.14961151 -10.96295347  -5.14961151]
 [ -5.14961151  14.65084191  -3.39971481  -6.10151559]
 [-10.96295347  -3.39971481  17.7623831   -3.39971481]
 [ -5.14961151  -6.10151559  -3.39971481  14.65084191]]


Local C matrix:
[[ 927.98758277  490.44353119  258.4466355   490.44353119]
 [ 490.44353119 1033.78654201  543.34301082  258.4466355 ]
 [ 258.4466355   543.34301082 1139.58550126  543.34301082]
 [ 490.44353119  258.4466355   543.34301082 1033.78654201]]


Local p vector:
[    0.        8155.473102 16310.946204  8155.473102]


Local H matrix (after adding H_bc):
[[ 21.26217649  -5.14961151 -10.96295347  -5.14961151]
 [ -5.14961151  19.1816603   -1.13430562  -6.10151559]
 [-10.96295347  -1.13430562  26.82401988  -1.13430562]
 [ -5.14961151  -6.10151559  -1.13430562  19.1816603 ]]


Individual H matrices for each integration point:
[H]pc_1:
[[10.62174093 -3.88782701 -2.84608691 -3.88782701]
 [-3.88782701  3.71054095  1.04174011 -0.86445404]
 [-2.84608691  1.04174011  0.76260669  1.04174011]
 [-3.88782701 -0.86445404  1.04174011  3.71054095]]
[H]pc_2:
[[ 5.01951003  0.76255292 -2.9361767  -2.84588626]
 [ 0.76255292  0.46338145  0.50342875 -1.72936313]
 [-2.9361767   0.50342875  4.31156962 -1.87882166]
 [-2.84588626 -1.72936313 -1.87882166  6.45407105]]
[H]pc_3:
[[ 5.01951003 -2.84588626 -2.9361767   0.76255292]
 [-2.84588626  6.45407105 -1.87882166 -1.72936313]
 [-2.9361767  -1.87882166  4.31156962  0.50342875]
 [ 0.76255292 -1.72936313  0.50342875  0.46338145]]
[H]pc_4:
[[ 0.60141549  0.82154884 -2.24451317  0.82154884]
 [ 0.82154884  4.02284846 -3.06606201 -1.7783353 ]
 [-2.24451317 -3.06606201  8.37663718 -3.06606201]
 [ 0.82154884 -1.7783353  -3.06606201  4.02284846]]


Boundary condition matrix H_bc:
[[0.         0.         0.         0.        ]
 [0.         4.53081839 2.26540919 0.        ]
 [0.         2.26540919 9.06163678 2.26540919]
 [0.         0.         2.26540919 4.53081839]]


Global H matrix:
26.82402 -1.13431 0.00000 0.00000 -1.13431 -10.96295 0.00000 0.00000 0.00000 0.00000 0.00000 0.00000 0.00000 0.00000 0.00000 0.00000
-1.13431 43.34383 -3.58878 0.00000 -6.10152 -7.64516 -13.27219 0.00000 0.00000 0.00000 0.00000 0.00000 0.00000 0.00000 0.00000 0.00000
0.00000 -3.58878 40.73512 -4.35854 0.00000 -4.50181 -7.71486 -12.36735 0.00000 0.00000 0.00000 0.00000 0.00000 0.00000 0.00000 0.00000
0.00000 0.00000 -4.35854 20.74446 0.00000 0.00000 -5.23115 -4.35854 0.00000 0.00000 0.00000 0.00000 0.00000 0.00000 0.00000 0.00000
-1.13431 -6.10152 0.00000 0.00000 43.34383 -7.64516 0.00000 0.00000 -3.58878 -13.27219 0.00000 0.00000 0.00000 0.00000 0.00000 0.00000
-10.96295 -7.64516 -4.50181 0.00000 -7.64516 71.01513 -10.27669 0.00000 -4.50181 -10.27669 -15.20485 0.00000 0.00000 0.00000 0.00000 0.00000
0.00000 -13.27219 -7.71486 -5.23115 0.00000 -10.27669 71.02366 -7.71486 0.00000 -3.26505 -10.27669 -13.27219 0.00000 0.00000 0.00000 0.00000
0.00000 0.00000 -12.36735 -4.35854 0.00000 0.00000 -7.71486 40.73512 0.00000 0.00000 -4.50181 -3.58878 0.00000 0.00000 0.00000 0.00000
0.00000 0.00000 0.00000 0.00000 -3.58878 -4.50181 0.00000 0.00000 40.73512 -7.71486 0.00000 0.00000 -4.35854 -12.36735 0.00000 0.00000
0.00000 0.00000 0.00000 0.00000 -13.27219 -10.27669 -3.26505 0.00000 -7.71486 71.02366 -10.27669 0.00000 -5.23115 -7.71486 -13.27219 0.00000
0.00000 0.00000 0.00000 0.00000 0.00000 -15.20485 -10.27669 -4.50181 0.00000 -10.27669 71.01513 -7.64516 0.00000 -4.50181 -7.64516 -10.96295
0.00000 0.00000 0.00000 0.00000 0.00000 0.00000 -13.27219 -3.58878 0.00000 0.00000 -7.64516 43.34383 0.00000 0.00000 -6.10152 -1.13431
0.00000 0.00000 0.00000 0.00000 0.00000 0.00000 0.00000 0.00000 -4.35854 -5.23115 0.00000 0.00000 20.74446 -4.35854 0.00000 0.00000
0.00000 0.00000 0.00000 0.00000 0.00000 0.00000 0.00000 0.00000 -12.36735 -7.71486 -4.50181 0.00000 -4.35854 40.73512 -3.58878 0.00000
0.00000 0.00000 0.00000 0.00000 0.00000 0.00000 0.00000 0.00000 0.00000 -13.27219 -7.64516 -6.10152 0.00000 -3.58878 43.34383 -1.13431
0.00000 0.00000 0.00000 0.00000 0.00000 0.00000 0.00000 0.00000 0.00000 0.00000 -10.96295 -1.13431 0.00000 0.00000 -1.13431 26.82402

Global p vector:
16310.94627 13922.26364 9844.52717 8155.47292 13922.26288 0.00000 0.00000 9844.52666 9844.52650 0.00000 0.00000 13922.26339 8155.47368 9844.52708 13922.26339 16310.94620

Global C matrix:
1139.58554 543.34303 0.00000 0.00000 543.34304 258.44665 0.00000 0.00000 0.00000 0.00000 0.00000 0.00000 0.00000 0.00000 0.00000 0.00000
543.34303 1721.04387 325.99548 0.00000 258.44665 829.83525 160.87926 0.00000 0.00000 0.00000 0.00000 0.00000 0.00000 0.00000 0.00000 0.00000
0.00000 325.99548 1033.86970 195.34766 0.00000 160.87926 525.92276 104.28626 0.00000 0.00000 0.00000 0.00000 0.00000 0.00000 0.00000 0.00000
0.00000 0.00000 195.34766 364.24558 0.00000 0.00000 104.28626 195.34766 0.00000 0.00000 0.00000 0.00000 0.00000 0.00000 0.00000 0.00000
543.34304 258.44665 0.00000 0.00000 1721.04386 829.83524 0.00000 0.00000 325.99546 160.87925 0.00000 0.00000 0.00000 0.00000 0.00000 0.00000
258.44665 829.83525 160.87926 0.00000 829.83524 2859.34166 612.88912 0.00000 160.87925 612.88911 147.68378 0.00000 0.00000 0.00000 0.00000 0.00000
0.00000 160.87926 525.92276 104.28626 0.00000 612.88912 2260.33332 525.92277 0.00000 147.68378 612.88915 160.87926 0.00000 0.00000 0.00000 0.00000
0.00000 0.00000 104.28626 195.34766 0.00000 0.00000 525.92277 1033.86969 0.00000 0.00000 160.87926 325.99547 0.00000 0.00000 0.00000 0.00000
0.00000 0.00000 0.00000 0.00000 325.99546 160.87925 0.00000 0.00000 1033.86972 525.92278 0.00000 0.00000 195.34769 104.28628 0.00000 0.00000
0.00000 0.00000 0.00000 0.00000 160.87925 612.88911 147.68378 0.00000 525.92278 2260.33340 612.88916 0.00000 104.28628 525.92282 160.87927 0.00000
0.00000 0.00000 0.00000 0.00000 0.00000 147.68378 612.88915 160.87926 0.00000 612.88916 2859.34169 829.83521 0.00000 160.87927 829.83522 258.44664
0.00000 0.00000 0.00000 0.00000 0.00000 0.00000 160.87926 325.99547 0.00000 0.00000 829.83521 1721.04380 0.00000 0.00000 258.44664 543.34301
0.00000 0.00000 0.00000 0.00000 0.00000 0.00000 0.00000 0.00000 195.34769 104.28628 0.00000 0.00000 364.24564 195.34769 0.00000 0.00000
0.00000 0.00000 0.00000 0.00000 0.00000 0.00000 0.00000 0.00000 104.28628 525.92282 160.87927 0.00000 195.34769 1033.86979 325.99548 0.00000
0.00000 0.00000 0.00000 0.00000 0.00000 0.00000 0.00000 0.00000 0.00000 160.87927 829.83522 258.44664 0.00000 325.99548 1721.04381 543.34301
0.00000 0.00000 0.00000 0.00000 0.00000 0.00000 0.00000 0.00000 0.00000 0.00000 258.44664 543.34301 0.00000 0.00000 543.34301 1139.58550
Step 0/10
Temperatures at step 0:
349.18518 231.52281 270.03792 374.68633 231.52281 95.15185 122.21033 270.03792 270.03791 122.21032 95.15185 231.52281 374.68633 270.03791 231.52281 349.18518
Min temperature: 95.151848997232577
Max temperature: 374.686333188381695


Step 1/10
Temperatures at step 1:
488.52622 329.30865 381.08817 505.96811 329.30864 147.64442 186.87475 381.08817 381.08816 186.87474 147.64443 329.30865 505.96811 381.08817 329.30865 488.52622
Min temperature: 147.644419073682911
Max temperature: 505.968111278889751


Step 2/10
Temperatures at step 2:
577.69410 409.88638 463.40429 586.99785 409.88638 220.16446 262.50270 463.40430 463.40429 262.50269 220.16446 409.88638 586.99785 463.40429 409.88638 577.69411
Min temperature: 220.164455750987798
Max temperature: 586.997849279200750


Step 3/10
Temperatures at step 3:
642.95868 479.95554 530.93585 647.28558 479.95554 296.73644 338.03790 530.93585 530.93585 338.03789 296.73645 479.95555 647.28558 530.93585 479.95554 642.95868
Min temperature: 296.736438352975483
Max temperature: 647.285582235653578


Step 4/10
Temperatures at step 4:
695.73043 542.52608 589.69067 697.33398 542.52608 370.96827 409.67769 589.69067 589.69066 409.67767 370.96828 542.52608 697.33398 589.69067 542.52608 695.73043
Min temperature: 370.968272418932372
Max temperature: 697.333984463806019


Step 5/10
Temperatures at step 5:
741.04141 599.11077 642.30038 741.21911 599.11077 440.56014 476.26104 642.30038 642.30037 476.26102 440.56015 599.11077 741.21911 642.30037 599.11077 741.04141
Min temperature: 440.560143599832202
Max temperature: 741.219110127279578


Step 6/10
Temperatures at step 6:
781.20957 650.58696 690.01627 780.66836 650.58696 504.89120 537.61387 690.01627 690.01626 537.61386 504.89121 650.58696 780.66836 690.01626 650.58696 781.20957
Min temperature: 504.891202109129210
Max temperature: 781.209568559397212


Step 7/10
Temperatures at step 7:
817.39150 697.54720 733.52812 816.51055 697.54720 564.00152 593.92999 733.52812 733.52812 593.92998 564.00152 697.54720 816.51055 733.52812 697.54720 817.39150
Min temperature: 564.001516322532211
Max temperature: 817.391504624094182


Step 8/10
Temperatures at step 8:
850.23732 740.44512 773.29193 849.21859 740.44512 618.17386 645.53116 773.29193 773.29192 645.53115 618.17387 740.44513 849.21859 773.29193 740.44512 850.23732
Min temperature: 618.173863250076806
Max temperature: 850.237316765108403


Step 9/10
Temperatures at step 9:
880.16760 779.65782 809.65944 879.11764 779.65782 667.76556 692.77235 809.65944 809.65943 692.77234 667.76556 779.65782 879.11764 809.65943 779.65782 880.16760
Min temperature: 667.765556911744625
Max temperature: 880.167601929330772


